BC	correct	incorrect	total	correct_PCT
TCTTAGGC	182	6	188	96.80851063829788
GATTCGCT	218	3	221	98.64253393665159
TCTTAGGG	226	4	230	98.26086956521739
TTTCGCGG	453	10	463	97.8401727861771
ACCTACTG	319	1	320	99.6875
ACCTACTA	146	12	158	92.40506329113924
ACCTACTC	207	3	210	98.57142857142858
GATTCGCG	437	1	438	99.77168949771689
TCTTAGGA	156	7	163	95.70552147239265
TTTCGCGT	278	5	283	98.23321554770318
TCTTAGGT	151	1	152	99.3421052631579
GTTGGTCC	276	9	285	96.84210526315789
ACCTACTT	122	5	127	96.06299212598425
CGTCCTCG	459	10	469	97.86780383795309
ATTGTTTC	165	10	175	94.28571428571428
CGTCCTCA	373	17	390	95.64102564102565
CGTCCTCC	406	12	418	97.1291866028708
CAGAGGCC	91	5	96	94.79166666666666
CAGAGGCA	185	9	194	95.36082474226805
CCTATGAT	151	10	161	93.7888198757764
CAGAGGCG	152	5	157	96.81528662420382
TTGTGATA	250	6	256	97.65625
TTGTGATC	215	17	232	92.67241379310344
TTCATTCG	290	7	297	97.64309764309765
CCTATGAG	215	12	227	94.7136563876652
CCTATGAC	190	6	196	96.93877551020408
CAGAGGCT	97	5	102	95.09803921568627
TTCATTCT	140	15	155	90.32258064516128
GTCCAACT	232	9	241	96.2655601659751
ATTGTTTT	104	0	104	100.0
GTCCAACA	249	15	264	94.31818181818183
GTCCAACG	297	9	306	97.05882352941177
TAAGGCCA	164	2	166	98.79518072289156
GCGAATGA	230	6	236	97.45762711864407
TGTTAGTT	145	5	150	96.66666666666667
TCGGATTT	88	0	88	100.0
GCGAATGT	189	0	189	100.0
CCGGGAGC	176	11	187	94.11764705882352
TGCTAATG	270	7	277	97.47292418772562
TGTTAGTC	212	20	232	91.37931034482759
GGCACGCG	484	51	535	90.46728971962617
GGCACGCA	521	33	554	94.04332129963899
GGCACGCC	376	10	386	97.40932642487047
AGTCGACG	133	6	139	95.68345323741008
CATACGCT	162	8	170	95.29411764705881
CTCCAGCC	329	15	344	95.63953488372093
CTCCAGCA	357	19	376	94.9468085106383
AGAGTGGC	219	12	231	94.8051948051948
ATCTTCAT	127	11	138	92.02898550724638
AGAGTGGA	200	30	230	86.95652173913044
AGAGTGGG	258	12	270	95.55555555555556
ACGTCAAA	145	17	162	89.50617283950618
CATACGCG	278	6	284	97.88732394366197
CTCCAGCT	235	11	246	95.52845528455285
TAAAGGAT	41	3	44	93.18181818181817
CATACGCA	250	10	260	96.15384615384616
TGCACCCA	330	9	339	97.34513274336283
TGCACCCC	288	4	292	98.63013698630137
ATCTTCAC	171	9	180	95.0
AGAGTGGT	189	8	197	95.93908629441624
ATCTTCAA	151	3	154	98.05194805194806
CTTCGGTC	338	4	342	98.83040935672514
ACATAACC	76	1	77	98.7012987012987
TAATTGTT	95	1	96	98.95833333333334
CCCCACAA	266	17	283	93.99293286219081
TAATTGTA	113	5	118	95.76271186440678
TAATTGTC	123	2	125	98.4
AGATTGTT	129	6	135	95.55555555555556
CCTATTCC	82	6	88	93.18181818181817
CTCCTCGA	373	21	394	94.67005076142132
GACATCGG	271	15	286	94.75524475524476
CTCCTCGC	417	8	425	98.11764705882354
CTGTATTG	267	4	271	98.5239852398524
CTGTATTC	110	1	111	99.09909909909909
CTGTATTA	165	2	167	98.80239520958084
AGATTGTG	234	11	245	95.51020408163265
AGATTGTC	90	3	93	96.7741935483871
ACTCCGGA	251	13	264	95.07575757575758
ATGGAGGT	110	2	112	98.21428571428571
AGTGCACG	380	14	394	96.44670050761421
AATTATTG	86	5	91	94.5054945054945
AATTATTA	61	6	67	91.04477611940298
AGTGCACC	221	22	243	90.94650205761316
AATTATTC	42	3	45	93.33333333333333
AGTGCACA	251	22	273	91.94139194139194
CACCTATC	116	7	123	94.3089430894309
AATTATTT	29	3	32	90.625
CACCTATA	111	19	130	85.38461538461539
TATTAATA	52	21	73	71.23287671232876
ACTTGTGC	245	1	246	99.59349593495935
CAGTAACC	90	0	90	100.0
CAGTAACA	139	4	143	97.2027972027972
CAGTAACG	154	0	154	100.0
AGGATCCT	106	0	106	100.0
TTGACGTT	152	1	153	99.34640522875817
AGGATCCC	108	1	109	99.08256880733946
AGGATCCA	163	1	164	99.39024390243902
AGGATCCG	186	3	189	98.4126984126984
TTGACGTG	373	8	381	97.9002624671916
TTACTATC	158	19	177	89.26553672316385
TTGACGTC	140	11	151	92.71523178807946
TTACTATG	197	24	221	89.14027149321268
TTGACGTA	298	38	336	88.69047619047619
GAAGCGCC	114	6	120	95.0
TGAGCGGA	294	28	322	91.30434782608695
GAAGCGCA	244	3	247	98.78542510121457
GGGAAATC	67	2	69	97.10144927536231
TGAGCGGG	386	7	393	98.21882951653944
GTGATCCG	239	26	265	90.18867924528303
TAGGGAGT	104	13	117	88.88888888888889
CCTGAATT	75	3	78	96.15384615384616
GTGAAATC	64	4	68	94.11764705882352
GTGATCCA	197	13	210	93.80952380952381
TGAGCGGT	135	6	141	95.74468085106383
CGTTAGTC	188	14	202	93.06930693069307
GTGATCCT	82	4	86	95.34883720930233
AGACAGCA	184	14	198	92.92929292929293
AGACAGCC	120	19	139	86.33093525179856
AGTTACAT	107	11	118	90.67796610169492
AGACAGCG	177	11	188	94.14893617021278
TTGCATCG	170	5	175	97.14285714285714
TTGCATCA	334	6	340	98.23529411764706
GACACCCT	147	2	149	98.65771812080537
AGTTACAG	149	14	163	91.41104294478528
AGTTACAC	136	8	144	94.44444444444444
AGACAGCT	107	12	119	89.91596638655463
CGTTGGTC	244	23	267	91.38576779026218
GACACCCC	74	11	85	87.05882352941177
GACACCCA	178	16	194	91.75257731958763
GACACCCG	107	2	109	98.1651376146789
CCTGACCT	164	13	177	92.65536723163842
TTGTGATT	136	15	151	90.06622516556291
TATCTGAG	195	12	207	94.20289855072464
CCGGGTCG	302	13	315	95.87301587301587
TATCTGAA	131	2	133	98.49624060150376
TAAGAAGA	50	0	50	100.0
TAAGAAGG	97	0	97	100.0
AGTCAGAT	81	9	90	90.0
TACATACT	97	11	108	89.81481481481481
CCGATATC	133	17	150	88.66666666666667
CCGATATA	123	9	132	93.18181818181817
CCGATATG	210	26	236	88.98305084745762
AGTCAGAA	57	11	68	83.82352941176471
TACATACC	81	10	91	89.01098901098901
CTGAGTAC	120	11	131	91.6030534351145
CGGGGATT	132	12	144	91.66666666666666
CCTCCGTA	203	34	237	85.65400843881856
CGGGGATA	185	22	207	89.3719806763285
TGACGCCC	204	27	231	88.31168831168831
TGACGCCG	364	19	383	95.03916449086162
AAGAAGAT	25	4	29	86.20689655172413
CAGACGTC	70	9	79	88.60759493670885
CCTTAGTG	239	43	282	84.75177304964538
CCTTAGTC	179	16	195	91.7948717948718
CCTTAGTA	245	17	262	93.51145038167938
CAACACCT	108	14	122	88.52459016393442
CCTTAGTT	142	18	160	88.75
CAACACCA	200	13	213	93.89671361502347
CAACACCC	127	12	139	91.36690647482014
ATGAACGA	105	15	120	87.5
CAGCATCG	305	22	327	93.27217125382263
CAGCATCA	258	26	284	90.84507042253522
ACTTAACG	71	1	72	98.61111111111111
TAACCTCT	78	7	85	91.76470588235294
ACCCGCTG	301	10	311	96.78456591639872
ATCCAAGG	133	2	135	98.51851851851852
ATCCAAGC	107	4	111	96.3963963963964
TAACCTCC	113	3	116	97.41379310344827
ACGATCCG	214	11	225	95.11111111111111
ATCCAAGT	121	5	126	96.03174603174604
ACGATCCC	128	4	132	96.96969696969697
TAGGTGGG	303	27	330	91.81818181818183
ACGATCCA	162	5	167	97.0059880239521
TACGTCAG	239	2	241	99.1701244813278
ATCGGACA	192	0	192	100.0
ATCGGACG	242	13	255	94.90196078431372
CCGGGGAA	210	11	221	95.02262443438913
GAGGAACT	50	0	50	100.0
GCTTCGAA	259	6	265	97.73584905660377
TACGTCAT	176	5	181	97.23756906077348
ACACGACA	232	9	241	96.2655601659751
ACACGACC	177	10	187	94.6524064171123
GAGGAACA	115	5	120	95.83333333333334
GATAGCGG	186	8	194	95.87628865979381
GAGGAACC	56	0	56	100.0
AACAATCA	81	3	84	96.42857142857143
AAAGTCTG	79	2	81	97.53086419753086
GATAGCGA	196	9	205	95.60975609756098
GTCCTAGG	228	8	236	96.61016949152543
GTCCTAGC	216	7	223	96.8609865470852
TCGAGGGT	164	7	171	95.90643274853801
ATAATAAA	21	0	21	100.0
ATAATAAG	39	0	39	100.0
CTTTTACC	129	8	137	94.16058394160584
ATTCATGC	137	14	151	90.72847682119205
CTTTTACG	211	20	231	91.34199134199135
CCCCTCCA	443	23	466	95.06437768240343
ATGCTCTG	238	8	246	96.7479674796748
GCCAAAGT	114	2	116	98.27586206896551
CTTGCTAC	169	9	178	94.9438202247191
GCCAAAGA	100	1	101	99.00990099009901
GCCAAAGC	114	7	121	94.21487603305785
GCCAAAGG	132	3	135	97.77777777777777
TAGGCCGT	255	6	261	97.70114942528735
ATCGTCCA	197	8	205	96.09756097560975
GCACCTAA	183	10	193	94.81865284974094
GCACCTAC	217	10	227	95.59471365638767
TAGGCCGA	243	1	244	99.59016393442623
GGGATGGG	289	5	294	98.29931972789116
TGGTTAAT	108	2	110	98.18181818181819
GGGATGGA	210	1	211	99.52606635071089
GGGATGGC	131	13	144	90.97222222222221
CCAGCGAC	155	3	158	98.10126582278481
CCGCCCTG	280	7	287	97.5609756097561
GAAGGGTT	55	2	57	96.49122807017544
CCAGCGAG	263	1	264	99.62121212121212
ATCACTGC	160	1	161	99.37888198757764
ACTTATTA	43	0	43	100.0
TGGTTAAC	99	6	105	94.28571428571428
ATCACTGG	161	3	164	98.17073170731707
GTTGTGTC	304	20	324	93.82716049382715
TGGTTAAG	190	11	201	94.5273631840796
GAAGGGTG	202	12	214	94.39252336448598
GAAGGGTC	89	2	91	97.8021978021978
GAAGGGTA	175	3	178	98.31460674157303
GAGTTCAA	126	0	126	100.0
GAGTTCAC	129	7	136	94.85294117647058
CACTTAAT	88	1	89	98.87640449438202
GATCCACT	163	2	165	98.7878787878788
GAGTTCAT	126	0	126	100.0
CACTTAAA	72	1	73	98.63013698630137
CACTTAAG	124	2	126	98.4126984126984
ATCGAGTA	158	15	173	91.32947976878613
AGCGGTGG	301	24	325	92.61538461538461
AGGGGATA	163	14	177	92.09039548022598
AGGGGATG	184	10	194	94.84536082474226
ATCGAGTG	231	6	237	97.46835443037975
AGCGGTGA	284	15	299	94.98327759197325
ACAGGTTA	199	7	206	96.60194174757282
TGTTAGTG	233	16	249	93.57429718875501
ACAGGTTC	110	4	114	96.49122807017544
ACAGGTTG	266	13	279	95.3405017921147
AGCGGTGT	341	10	351	97.15099715099716
AGGGGATT	89	2	91	97.8021978021978
CTCGCATC	220	18	238	92.43697478991596
CTCGCATA	166	8	174	95.40229885057471
ACAGGTTT	112	3	115	97.3913043478261
AGTCGACC	120	9	129	93.02325581395348
ACTACCAG	134	9	143	93.7062937062937
AGGCATCA	203	15	218	93.11926605504587
TTAAGACT	64	2	66	96.96969696969697
AGGCATCG	200	12	212	94.33962264150944
GTATTCGA	198	14	212	93.39622641509435
GTATTCGC	179	15	194	92.26804123711341
AGCCGGGG	226	5	231	97.83549783549783
ACTACCAC	112	0	112	100.0
AGGCATCT	122	1	123	99.1869918699187
TTAAGACA	104	10	114	91.22807017543859
TGAAATCG	119	5	124	95.96774193548387
GGGGACTT	122	8	130	93.84615384615384
TGAAATCA	92	7	99	92.92929292929293
GCGGGGTA	322	24	346	93.0635838150289
AATAGCCG	94	11	105	89.52380952380953
GGGGACTA	207	15	222	93.24324324324324
CCTTTTAG	151	11	162	93.20987654320987
GGGGACTC	141	7	148	95.27027027027027
CCTTTTAA	96	8	104	92.3076923076923
GGGGACTG	215	14	229	93.88646288209607
AATAGCCT	75	2	77	97.40259740259741
TGCCGCGC	391	21	412	94.90291262135922
TGCCGCGG	411	42	453	90.72847682119205
GTAACATA	124	9	133	93.23308270676691
GATTTTTC	65	0	65	100.0
ATTGGATA	117	7	124	94.35483870967742
CGGTTTGT	181	12	193	93.78238341968913
ATTGGATC	105	7	112	93.75
AGTCGACT	108	6	114	94.73684210526315
CGGTTTGC	284	13	297	95.62289562289563
CGGTTTGA	214	4	218	98.1651376146789
ATCCTGCC	91	1	92	98.91304347826086
CGGTTTGG	231	21	252	91.66666666666666
ATCCTGCA	123	3	126	97.61904761904762
GTATCTGC	147	13	160	91.875
GTATCTGA	191	18	209	91.38755980861244
GGAATAGA	68	3	71	95.77464788732394
TGTGAGAG	123	8	131	93.89312977099237
GGCTCCAC	193	10	203	95.07389162561576
ACGACTTG	197	10	207	95.16908212560386
TGATATAC	89	6	95	93.6842105263158
ACGACTTA	131	4	135	97.03703703703704
GGCTCCAG	277	7	284	97.53521126760563
TGTGAGAA	95	4	99	95.95959595959596
TCGCCTAT	237	10	247	95.95141700404858
ATGGCGTC	217	16	233	93.13304721030042
GGTGGGAA	158	7	165	95.75757575757575
GGTGGGAC	193	11	204	94.6078431372549
GCGAGATT	150	7	157	95.54140127388536
TGATAACT	69	4	73	94.52054794520548
ACGACTTT	93	6	99	93.93939393939394
TGTGAGAT	128	7	135	94.81481481481482
TGATATAT	96	7	103	93.20388349514563
TCTCTTTA	136	5	141	96.45390070921985
GGCTCCAT	257	15	272	94.48529411764706
GCGAGATC	175	14	189	92.5925925925926
TGATAACG	132	7	139	94.96402877697841
GCGAGATG	273	14	287	95.1219512195122
ATGGCGTT	194	9	203	95.56650246305419
AGTAAAGT	45	4	49	91.83673469387756
TTGGGAGT	151	11	162	93.20987654320987
TTGGGAGC	144	10	154	93.5064935064935
AGTAAAGG	55	2	57	96.49122807017544
TTGGGAGA	174	10	184	94.56521739130434
AATACCTT	40	3	43	93.02325581395348
GGTGAAAG	64	2	66	96.96969696969697
AATACCTG	62	0	62	100.0
AATACCTA	40	1	41	97.5609756097561
AATACCTC	24	0	24	100.0
GCTGATCC	105	7	112	93.75
CTGCAATG	137	7	144	95.13888888888889
GCTGATCG	188	7	195	96.41025641025641
CTGCAATC	85	6	91	93.4065934065934
TGTTGCAG	159	4	163	97.54601226993866
CCATCCAC	198	6	204	97.05882352941177
GCGCCCTG	462	21	483	95.65217391304348
CCATCCAG	206	13	219	94.06392694063926
GGCTCTCG	122	2	124	98.38709677419355
CTGCAATT	55	0	55	100.0
GCTGATCT	96	2	98	97.95918367346938
TGTTGCAT	129	6	135	95.55555555555556
CCATCCAT	84	13	97	86.5979381443299
AGCATCCG	157	6	163	96.31901840490798
AGCATCCC	78	11	89	87.64044943820225
CATTAAAG	21	2	23	91.30434782608695
AAACTGGG	62	5	67	92.53731343283582
CATTAAAA	18	3	21	85.71428571428571
ATACCGTA	84	3	87	96.55172413793103
AGCATCCT	103	2	105	98.09523809523809
TATCGGAC	111	4	115	96.52173913043478
CAGGGTCG	379	10	389	97.42930591259639
CAACGCTC	74	6	80	92.5
CAACGCTA	104	6	110	94.54545454545455
ATAGACAT	47	1	48	97.91666666666666
CAACGCTG	124	3	127	97.63779527559055
TCTCGCTT	108	3	111	97.2972972972973
TCTCGCTC	114	10	124	91.93548387096774
GAAGACCC	81	0	81	100.0
TCTCGCTA	116	13	129	89.92248062015504
CAACGCTT	73	6	79	92.40506329113924
TATACTGG	103	4	107	96.26168224299066
CACTGCCA	271	20	291	93.12714776632302
GTCGTAAT	68	4	72	94.44444444444444
ACCTTACT	70	2	72	97.22222222222221
AGAACCCA	30	0	30	100.0
TTCTCAGA	66	0	66	100.0
AGAACCCC	35	1	36	97.22222222222221
TTCTCAGC	111	2	113	98.23008849557522
AGAACCCG	41	0	41	100.0
TTCTCAGG	123	2	125	98.4
ACCTTACA	52	1	53	98.11320754716981
GAAAGTCG	61	0	61	100.0
GTCGTAAG	143	2	145	98.62068965517241
GTCGTAAA	89	3	92	96.73913043478261
GAAAGTCA	42	3	45	93.33333333333333
AAGGTCAA	79	3	82	96.34146341463415
AAGGTCAC	88	0	88	100.0
CGAGTAGC	120	8	128	93.75
CGAGTAGA	152	4	156	97.43589743589743
TCCAACGG	169	5	174	97.12643678160919
AAGGTCAT	63	5	68	92.64705882352942
GACATCGC	254	15	269	94.42379182156134
TGCTACCC	82	11	93	88.17204301075269
TGCTACCA	132	5	137	96.35036496350365
TGGTGGTG	224	21	245	91.42857142857143
TGCTACCG	184	3	187	98.3957219251337
TGGTGGTA	157	12	169	92.89940828402366
TGGTGGTC	179	8	187	95.72192513368985
TGGTGGTT	151	4	155	97.41935483870968
TGCTACCT	121	3	124	97.58064516129032
TTGGCTAG	201	7	208	96.63461538461539
AACTCCTA	65	1	66	98.48484848484848
AACTCCTC	91	2	93	97.84946236559139
AGTATGCT	70	3	73	95.8904109589041
CGCAGGCA	194	1	195	99.48717948717949
AACTCCTG	81	0	81	100.0
TAGCTTGC	110	1	111	99.09909909909909
TAGCTTGA	121	4	125	96.8
TTGGCTAT	106	5	111	95.4954954954955
CGCAGGCT	136	1	137	99.27007299270073
CGAAGAAC	12	2	14	85.71428571428571
AACTCCTT	46	1	47	97.87234042553192
CGAAGAAA	29	3	32	90.625
TAAAAATT	7	0	7	100.0
CCTGCTTA	106	7	113	93.80530973451327
TGCGAGCC	100	2	102	98.0392156862745
TTGCAGGG	179	15	194	92.26804123711341
CGTGACGG	545	7	552	98.73188405797102
TTGCAGGC	158	11	169	93.49112426035504
TTGCAGGA	155	7	162	95.67901234567901
AAGTCAAG	60	6	66	90.9090909090909
ATATAACG	131	1	132	99.24242424242425
AGGGCGGT	125	18	143	87.41258741258741
CGGATTCT	78	6	84	92.85714285714286
TTAAGTTC	100	2	102	98.0392156862745
TTGCAGGT	103	9	112	91.96428571428571
GATGCCAC	148	10	158	93.67088607594937
AGGGCGGA	167	13	180	92.77777777777779
CGGATTCG	156	9	165	94.54545454545455
AGGGCGGG	180	13	193	93.26424870466322
CTTAAAGC	29	5	34	85.29411764705883
GAGGTGAC	106	7	113	93.80530973451327
CTACCAGG	126	11	137	91.97080291970804
CTTAAAGG	56	4	60	93.33333333333333
GAGGTGAG	146	9	155	94.19354838709677
GGACGGAT	165	8	173	95.37572254335261
CGGAGGCA	102	3	105	97.14285714285714
CACGTGTT	154	10	164	93.90243902439023
GGACGGAC	192	16	208	92.3076923076923
GCTGGAAG	150	1	151	99.33774834437085
GGACGGAA	144	8	152	94.73684210526315
CAGCAGGT	120	13	133	90.22556390977444
GGACGGAG	149	7	156	95.51282051282051
GAGGTGAT	88	5	93	94.6236559139785
CTTAAAGT	55	5	60	91.66666666666666
CACGTGTC	159	8	167	95.20958083832335
CCTAAATT	36	2	38	94.73684210526315
GTATAGCG	152	9	161	94.40993788819875
CGATAATC	58	2	60	96.66666666666667
GTATAGCA	109	9	118	92.37288135593221
GACCTACG	150	15	165	90.9090909090909
CAAGAAAC	10	0	10	100.0
GCAGTGAA	176	9	185	95.13513513513514
GCAGTGAG	217	11	228	95.17543859649122
CAAGAAAG	23	3	26	88.46153846153845
GACCTACA	97	15	112	86.60714285714286
GCCGTTAG	226	18	244	92.62295081967213
GACCTACT	71	6	77	92.20779220779221
CAAGAAAT	13	0	13	100.0
GCAGTGAT	162	9	171	94.73684210526315
TGTCATCA	185	6	191	96.8586387434555
TAATCGCG	132	0	132	100.0
ATTGTCTC	22	5	27	81.48148148148148
TAATCGCC	78	0	78	100.0
ATGTCCCG	162	4	166	97.59036144578313
ATGTCCCA	104	7	111	93.69369369369369
ATGTCCCC	101	38	139	72.66187050359713
CTTTCTTC	49	0	49	100.0
TCATTCTC	79	5	84	94.04761904761905
TAATCGCT	64	2	66	96.96969696969697
AACGCACC	93	1	94	98.93617021276596
GCTCCCAC	206	14	220	93.63636363636364
TCATTCTG	122	10	132	92.42424242424242
GCTCCCAG	177	10	187	94.6524064171123
CTTTCTTT	56	3	59	94.91525423728814
ATGTCCCT	88	5	93	94.6236559139785
CTTTCCAT	91	8	99	91.91919191919192
CAAGCGGG	274	17	291	94.15807560137456
GTGCCACC	218	22	240	90.83333333333333
GTGCCACA	211	24	235	89.7872340425532
CCAGAGGT	82	6	88	93.18181818181817
AACCCGGC	89	5	94	94.68085106382979
CATGGAGC	104	9	113	92.03539823008849
GTGCCACT	167	22	189	88.35978835978835
CATGGAGA	84	6	90	93.33333333333333
AACCCGGG	177	17	194	91.23711340206185
CTTTCCAA	87	8	95	91.57894736842105
CTTTCCAC	95	5	100	95.0
TTGGCCTA	171	15	186	91.93548387096774
TTGGCCTC	157	1	158	99.36708860759494
TTGGCCTG	239	5	244	97.95081967213115
TTCACACA	122	0	122	100.0
CGTCAGGG	221	5	226	97.78761061946902
TTCACACG	134	0	134	100.0
CGTCAGGC	185	1	186	99.46236559139786
CTGATTTT	49	1	50	98.0
CGTCAGGT	203	31	234	86.75213675213675
CCGACTTC	108	11	119	90.75630252100841
TTCACACT	101	11	112	90.17857142857143
TTGCTCTG	225	10	235	95.74468085106383
TGCTCAAA	133	1	134	99.25373134328358
AACACCAG	81	1	82	98.78048780487805
AATGTCGG	158	14	172	91.86046511627907
GCCGTGCC	273	26	299	91.30434782608695
GCCGTGCA	308	28	336	91.66666666666666
TCCGTGCT	158	3	161	98.13664596273291
TGTCAAAC	106	4	110	96.36363636363636
TGTCAAAG	104	13	117	88.88888888888889
CACATACT	67	0	67	100.0
AATGTCGT	176	11	187	94.11764705882352
GCCGTGCT	267	23	290	92.06896551724138
TGTCAAAT	69	11	80	86.25
TTGGTACC	154	18	172	89.53488372093024
TTGGTACA	184	27	211	87.20379146919431
CCCCATAT	122	16	138	88.40579710144928
ACTTGTGA	168	19	187	89.83957219251337
CCCCATAC	147	18	165	89.0909090909091
TTGGTACT	132	14	146	90.41095890410958
GTGGAGAT	92	10	102	90.19607843137256
GTCTTTGC	167	16	183	91.2568306010929
TAAGCTCT	59	8	67	88.05970149253731
ACCAGTCG	172	22	194	88.65979381443299
AGAAGGTT	57	12	69	82.6086956521739
TCTCCTTC	137	19	156	87.82051282051282
GTGGATGT	180	17	197	91.37055837563452
TCTCCTTG	188	30	218	86.23853211009175
GATCTGTC	268	14	282	95.0354609929078
TAAGCTCA	206	16	222	92.7927927927928
CCTGGACT	253	14	267	94.7565543071161
CGTTCAGA	123	11	134	91.7910447761194
GTGGAGAG	23	1	24	95.83333333333334
CGTTCAGG	72	1	73	98.63013698630137
TAAGCTCG	59	1	60	98.33333333333333
GTGGAGAC	31	4	35	88.57142857142857
GTAGATGA	154	6	160	96.25
AGAAGGTG	36	6	42	85.71428571428571
TGCCCCTG	247	20	267	92.50936329588015
TCTCCTTT	43	3	46	93.47826086956522
GTGGATGG	115	1	116	99.13793103448276
AGAAGGTC	14	2	16	87.5
ATGCACCA	66	1	67	98.50746268656717
ATATTGGT	31	1	32	96.875
ATGCACCG	73	2	75	97.33333333333334
GGGCGGGC	100	8	108	92.5925925925926
GGGCGGGA	87	2	89	97.75280898876404
GGGCGGGG	89	5	94	94.68085106382979
ATATTGGC	39	2	41	95.1219512195122
ATATTGGA	54	0	54	100.0
ATGCACCT	77	2	79	97.46835443037975
GCCTACTC	69	9	78	88.46153846153845
GCCGGCTT	101	9	110	91.81818181818183
TGGAAAGG	32	2	34	94.11764705882352
TGGAAAGA	16	2	18	88.88888888888889
TGGAAAGC	19	8	27	70.37037037037037
CGGGTACG	68	4	72	94.44444444444444
GCCGGCTG	99	11	110	90.0
TTGACTTG	79	6	85	92.94117647058823
GCCGGCTC	118	4	122	96.72131147540983
TATCAGTG	63	6	69	91.30434782608695
TAAAGCTA	27	1	28	96.42857142857143
CACCGATC	55	4	59	93.22033898305084
CACCGATA	53	10	63	84.12698412698413
CTCGGGGG	143	3	146	97.94520547945206
TAGAGTAC	31	1	32	96.875
TAGAGTAA	19	4	23	82.6086956521739
TAGAGTAG	29	1	30	96.66666666666667
CGGCCAGG	229	8	237	96.62447257383965
CATAATAT	32	3	35	91.42857142857143
CTGTCTGA	320	20	340	94.11764705882352
GCAAATTC	38	6	44	86.36363636363636
GCAAATTA	42	1	43	97.67441860465115
TAGAGTAT	20	4	24	83.33333333333334
CATAATAA	9	1	10	90.0
CACGCAAG	72	6	78	92.3076923076923
CACGCAAA	44	4	48	91.66666666666666
CACGCAAC	60	8	68	88.23529411764706
ACCTAGAC	22	3	25	88.0
ACCTAGAG	35	3	38	92.10526315789474
CGGCGAGT	76	7	83	91.56626506024097
GAATACGA	34	4	38	89.47368421052632
GAATACGG	46	2	48	95.83333333333334
TCAAAGCG	212	8	220	96.36363636363636
ACCTAGAT	50	4	54	92.5925925925926
CTACTCCC	51	3	54	94.44444444444444
CGGCGAGG	106	12	118	89.83050847457628
CTACTCCG	66	9	75	88.0
GAATACGT	34	1	35	97.14285714285714
ACTACGTG	83	1	84	98.80952380952381
AATCTTGC	27	2	29	93.10344827586206
ACTACGTA	73	15	88	82.95454545454545
AATCTTGG	48	1	49	97.95918367346938
TGATTTCG	135	6	141	95.74468085106383
TCAAAGCC	111	0	111	100.0
TCTGACCA	175	13	188	93.08510638297872
TGATTTCC	49	3	52	94.23076923076923
TCACGTTA	72	6	78	92.3076923076923
TAGCAGGG	94	8	102	92.15686274509804
TAGCAGGC	37	12	49	75.51020408163265
ATCAGGGA	116	5	121	95.86776859504133
TCACGTTT	55	9	64	85.9375
AGAAAGTC	11	0	11	100.0
AGAAAGTA	17	4	21	80.95238095238095
GCCGCCGG	103	3	106	97.16981132075472
GGGAAATG	67	3	70	95.71428571428572
CTACGGGT	172	1	173	99.42196531791907
GCTGCTCA	227	3	230	98.69565217391305
CTGTACAG	59	9	68	86.76470588235294
TAAGGGTA	121	9	130	93.07692307692308
AAGATGCA	85	0	85	100.0
AAGATGCC	53	1	54	98.14814814814815
TGTGGTTG	134	6	140	95.71428571428572
TGTGGTTA	141	13	154	91.55844155844156
TGTGGTTC	156	7	163	95.70552147239265
AGATTCGA	32	7	39	82.05128205128204
GTGATCCC	156	7	163	95.70552147239265
AGATTCGC	58	4	62	93.54838709677419
CAACCTTT	39	0	39	100.0
AGATTCGG	100	4	104	96.15384615384616
CGTTAGTT	104	2	106	98.11320754716981
TCCTTCAA	86	6	92	93.47826086956522
CAACCTTA	56	1	57	98.24561403508771
CGAACGGT	97	9	106	91.50943396226415
CAACCTTG	84	1	85	98.82352941176471
ACTCCCTT	106	7	113	93.80530973451327
TGTAATTA	59	2	61	96.72131147540983
TGTAATTC	51	8	59	86.4406779661017
GTCCGTAT	132	3	135	97.77777777777777
TGTAATTG	84	12	96	87.5
ACTCCCTG	130	13	143	90.9090909090909
ACTCCCTA	84	4	88	95.45454545454545
GTCCGTAA	111	11	122	90.98360655737704
GGGAAATT	41	2	43	95.34883720930233
GTCCGTAC	133	15	148	89.86486486486487
TGTAATTT	24	0	24	100.0
GTCCGTAG	166	8	174	95.40229885057471
GTTAATGT	78	7	85	91.76470588235294
GCCTATAT	93	1	94	98.93617021276596
AGACCCGG	102	9	111	91.8918918918919
GAACGGCG	349	16	365	95.61643835616438
AGACCCGC	82	3	85	96.47058823529412
CCGTTGCC	228	9	237	96.20253164556962
GGGTGATT	123	8	131	93.89312977099237
GTTAATGC	101	9	110	91.81818181818183
GCCTATAA	73	5	78	93.58974358974359
GTTAATGA	88	6	94	93.61702127659575
GCCTATAG	111	13	124	89.51612903225806
TCGAGACG	135	4	139	97.12230215827337
GTGATTAC	81	1	82	98.78048780487805
GGGTGATC	125	8	133	93.98496240601504
CCGTTGCT	118	9	127	92.91338582677166
GTGAAATT	34	2	36	94.44444444444444
GTTGCATT	134	2	136	98.52941176470588
TCTGTAAG	205	17	222	92.34234234234235
AGAATCAT	43	0	43	100.0
GTTGCATA	106	6	112	94.64285714285714
AATTAGCC	54	6	60	90.0
GTTGCATG	281	9	290	96.89655172413794
AATTAGCA	74	13	87	85.0574712643678
AGAATCAG	51	3	54	94.44444444444444
TCTGTAAT	138	6	144	95.83333333333334
CGGTAAGG	129	8	137	94.16058394160584
CGGTAAGA	85	3	88	96.5909090909091
ACAACCCC	43	2	45	95.55555555555556
AGAATCAA	36	12	48	75.0
CGTTGGTT	168	5	173	97.10982658959537
AGGTCCAA	114	8	122	93.44262295081968
AGTGCCAG	268	15	283	94.69964664310953
CGTTGCGA	169	17	186	90.86021505376344
ACGTTGGA	197	2	199	98.99497487437185
ACGTTGGG	175	9	184	95.1086956521739
CATTACGT	98	7	105	93.33333333333333
ACGAGTGC	306	12	318	96.22641509433963
AGAGGGGC	60	3	63	95.23809523809523
TTTGCCGA	178	12	190	93.6842105263158
TTTGCCGC	148	14	162	91.35802469135803
AGAGGGGG	87	9	96	90.625
GCGCTTGT	155	12	167	92.81437125748504
TTTGCCGG	149	13	162	91.9753086419753
CCGAGATT	55	8	63	87.3015873015873
ACACCCCT	190	2	192	98.95833333333334
CATACCTC	31	2	33	93.93939393939394
GATTCCTC	71	6	77	92.20779220779221
CATACCTA	68	6	74	91.8918918918919
TAGTCTGG	111	4	115	96.52173913043478
CATACCTG	64	4	68	94.11764705882352
TAGTCTGA	108	13	121	89.25619834710744
CCGAGATG	167	8	175	95.42857142857143
TAGTCTGT	124	17	141	87.94326241134752
TCAGCGGG	236	12	248	95.16129032258065
TCAGCGGA	163	9	172	94.76744186046511
GATTCCTT	63	9	72	87.5
TCAGCGGC	160	18	178	89.8876404494382
TGGGGGGG	142	6	148	95.94594594594594
AGCCCTTG	344	15	359	95.82172701949861
TGGGGGGA	148	7	155	95.48387096774194
CATGTTAA	74	5	79	93.67088607594937
TGGGGGGT	107	5	112	95.53571428571429
CATGTTAC	89	7	96	92.70833333333334
CATGTTAG	135	11	146	92.46575342465754
GACAAACC	38	4	42	90.47619047619048
CCCATCGG	375	19	394	95.17766497461929
CGCGGCGT	231	12	243	95.06172839506173
GAGGGCTT	153	4	157	97.45222929936305
TTGCATCT	249	25	274	90.87591240875912
CGCGGCGA	257	23	280	91.78571428571428
CGCGGCGG	291	16	307	94.78827361563518
GTACTAAG	76	5	81	93.82716049382715
TTAATTGA	45	8	53	84.90566037735849
TTAATTGG	134	11	145	92.41379310344827
GCACCGTA	236	1	237	99.57805907172997
GCGTCTGC	193	18	211	91.4691943127962
ACACCCCC	154	15	169	91.12426035502959
GCGTCTGA	165	10	175	94.28571428571428
AAAACATC	14	1	15	93.33333333333333
GCGTCTGG	238	20	258	92.24806201550388
GGCCCCAA	228	13	241	94.6058091286307
CATCCGTA	135	6	141	95.74468085106383
TGCAGAGG	66	1	67	98.50746268656717
CATCCGTC	104	4	108	96.29629629629629
AAAACATT	17	0	17	100.0
TGCAGAGA	71	0	71	100.0
CAGCGTGC	425	17	442	96.15384615384616
GATAATGT	186	7	193	96.37305699481865
ATTTCGCA	103	10	113	91.1504424778761
AATTGCTA	129	2	131	98.47328244274809
TTGTGTCA	267	1	268	99.6268656716418
TTGTGTCC	260	12	272	95.58823529411765
TTGTGTCG	307	11	318	96.54088050314465
CTGCGTCT	292	10	302	96.68874172185431
TATACGCA	201	19	220	91.36363636363637
TTATGGAA	186	5	191	97.38219895287958
CTGCGAAT	177	2	179	98.88268156424581
CTGCGTCA	299	8	307	97.39413680781759
GGTATAAG	138	0	138	100.0
CTGCGAAC	233	2	235	99.14893617021276
GGTATAAA	66	1	67	98.50746268656717
GGTATAAC	147	2	149	98.65771812080537
TATACGCT	90	1	91	98.9010989010989
GCACACCA	349	19	368	94.83695652173914
GCACACCG	370	27	397	93.19899244332494
AAAGCCCG	96	10	106	90.56603773584906
CTTCTGCG	144	8	152	94.73684210526315
GAATGTCG	323	7	330	97.87878787878788
TCAGTAAT	128	10	138	92.7536231884058
AACCCCAC	125	8	133	93.98496240601504
AACCCCAG	141	7	148	95.27027027027027
GGATGCAT	204	0	204	100.0
TTCCAGTT	126	10	136	92.64705882352942
TCAGCTTA	402	2	404	99.5049504950495
GCATTTGT	184	14	198	92.92929292929293
TTTTCTGG	153	7	160	95.625
ACGATGTC	237	14	251	94.42231075697211
ACGATGTA	242	9	251	96.41434262948208
AACCCCAT	120	9	129	93.02325581395348
TTCCAGTG	219	11	230	95.21739130434783
GCATTTGC	189	12	201	94.02985074626866
TTCCAGTC	181	9	190	95.26315789473684
GCATTTGG	225	26	251	89.64143426294821
CTCCGTAG	180	5	185	97.2972972972973
AAGTGCGT	185	8	193	95.85492227979275
CTCCGTAC	150	7	157	95.54140127388536
CCTGACCC	174	6	180	96.66666666666667
AAGTGCGA	169	7	176	96.02272727272727
TCAGTAAA	152	2	154	98.7012987012987
TTTACGAT	111	2	113	98.23008849557522
ATCCTTCA	178	1	179	99.4413407821229
ATACACGT	180	1	181	99.4475138121547
TCAGTTCT	193	10	203	95.07389162561576
ATACACGG	260	4	264	98.48484848484848
GAGCACCA	272	2	274	99.27007299270073
GAGCACCG	266	1	267	99.625468164794
ATACACGA	283	2	285	99.29824561403508
GATTGTTA	187	6	193	96.89119170984456
GATTGTTC	156	10	166	93.97590361445783
TTGCTATT	157	6	163	96.31901840490798
CCTGCCTC	218	32	250	87.2
TCAGTAAG	268	6	274	97.8102189781022
GATTGTTG	206	8	214	96.26168224299066
TTCTCGAG	307	11	318	96.54088050314465
TGCATGGT	219	14	233	93.99141630901288
AACTGCAA	113	4	117	96.58119658119658
TTGCTATG	268	7	275	97.45454545454545
TGCATTAG	178	10	188	94.68085106382979
TTGCTATC	143	8	151	94.70198675496688
GATTGTTT	85	5	90	94.44444444444444
TTGCTATA	201	5	206	97.57281553398059
TGCATTAC	145	4	149	97.31543624161074
ATCTCGAG	132	7	139	94.96402877697841
TGCATGGC	194	8	202	96.03960396039604
GCTAATTC	98	4	102	96.07843137254902
TGCATGGG	260	9	269	96.6542750929368
GCTAATTG	236	7	243	97.11934156378601
ATGGGCTC	118	2	120	98.33333333333333
TACACCGG	252	7	259	97.2972972972973
ATGGGCTG	208	5	213	97.65258215962442
TACACCGC	172	7	179	96.08938547486034
TTCATTGC	196	4	200	98.0
ATCTCTCC	115	3	118	97.45762711864407
TCACTCGG	260	26	286	90.9090909090909
TGTCTACT	100	2	102	98.0392156862745
TCACTCGC	195	11	206	94.66019417475728
TTCTTTGC	140	5	145	96.55172413793103
ATGGGCTT	118	3	121	97.52066115702479
TGTCTACA	166	9	175	94.85714285714286
GACCGTTC	154	6	160	96.25
TGTCTACG	209	11	220	95.0
CCGGCACT	294	12	306	96.07843137254902
CTATCGTC	136	4	140	97.14285714285714
CTATCGTG	276	4	280	98.57142857142858
TTGTACGA	207	13	220	94.0909090909091
TGAAGAAA	31	1	32	96.875
CCTTGGTT	225	9	234	96.15384615384616
TGAAGAAG	48	0	48	100.0
TTGTACGG	286	3	289	98.96193771626297
CCGGCACG	431	6	437	98.62700228832952
CCGGCACA	299	15	314	95.22292993630573
CCTTGGTA	222	5	227	97.79735682819384
TTGTACGT	201	7	208	96.63461538461539
TGAAGAAT	26	0	26	100.0
CCTTGGTG	256	6	262	97.70992366412213
TAAGGCGA	152	3	155	98.06451612903226
TAAGGCGG	165	1	166	99.3975903614458
CCATTTTG	185	9	194	95.36082474226805
TCAACTTG	203	6	209	97.1291866028708
TCAACTTA	170	7	177	96.045197740113
CCATTTTC	91	2	93	97.84946236559139
GCGAATCA	199	1	200	99.5
TAAGGCGT	107	30	137	78.1021897810219
TGCACCGT	169	2	171	98.83040935672514
GAGTGTGC	204	7	211	96.6824644549763
GAGTGTGG	242	9	251	96.41434262948208
CGCGCAGA	231	6	237	97.46835443037975
CGCGCAGC	212	5	217	97.6958525345622
CGCGCAGG	238	10	248	95.96774193548387
AGTCGAGC	104	6	110	94.54545454545455
TGCACCGG	255	14	269	94.79553903345726
TAGTGGGC	124	9	133	93.23308270676691
CCGCATCG	389	24	413	94.18886198547214
TAGTGGGA	164	15	179	91.62011173184358
GTGTGTTT	203	19	222	91.44144144144144
ATGTTCGA	110	0	110	100.0
CTAGCATT	147	4	151	97.35099337748345
GTGTGTTA	350	18	368	95.1086956521739
GTGTGTTC	355	11	366	96.99453551912568
CTAGCATA	173	8	181	95.58011049723757
CTAGCATG	267	2	269	99.25650557620817
CTAGTGAC	73	5	78	93.58974358974359
AGCGAAGT	146	2	148	98.64864864864865
TAGGCGTA	369	9	378	97.61904761904762
TAGGCGTC	157	3	160	98.125
GGGATTTC	148	4	152	97.36842105263158
TAGGCGTG	364	13	377	96.55172413793103
GGGATTTA	125	4	129	96.89922480620154
AGCGAAGA	126	9	135	93.33333333333333
TGACCAGG	92	14	106	86.79245283018868
CGGGCCTC	72	15	87	82.75862068965517
AGCGAAGG	161	7	168	95.83333333333334
TGACCAGA	213	2	215	99.06976744186046
TGACGCCT	232	12	244	95.08196721311475
GGGATTTT	58	0	58	100.0
ACCGGTTT	173	6	179	96.64804469273743
TAGGCGTT	199	6	205	97.07317073170731
ACACTAGG	222	24	246	90.2439024390244
CGACCCAG	237	17	254	93.30708661417323
AAGGCTTT	67	2	69	97.10144927536231
CCAGCATA	272	11	283	96.113074204947
CGACCCAA	217	7	224	96.875
ACACAATT	82	4	86	95.34883720930233
AAGGCTTA	116	8	124	93.54838709677419
ACACAATG	255	11	266	95.86466165413535
ATTACGTC	114	0	114	100.0
ACACAATC	157	5	162	96.91358024691358
ACACAATA	155	12	167	92.81437125748504
CGAAACGT	100	1	101	99.00990099009901
GGAACATT	87	4	91	95.6043956043956
CTTTACCG	246	11	257	95.71984435797665
GCCCTTTT	259	9	268	96.64179104477611
GGAACATA	122	5	127	96.06299212598425
CGAAACGG	143	2	145	98.62068965517241
GGAACATC	96	3	99	96.96969696969697
CGAAACGA	137	5	142	96.47887323943662
CGAAACGC	94	2	96	97.91666666666666
GGAACATG	188	10	198	94.94949494949495
ACAGGACA	245	24	269	91.07806691449815
GATAAGTT	31	3	34	91.17647058823529
ACAGGACC	100	8	108	92.5925925925926
TGACGCCA	397	29	426	93.1924882629108
GCCCTCAT	398	17	415	95.90361445783132
ACCGGCAC	340	20	360	94.44444444444444
ATGTCTCA	144	0	144	100.0
CCTCCGTT	302	13	315	95.87301587301587
ACAGGACT	126	5	131	96.18320610687023
TCACTTGG	213	11	224	95.08928571428571
CCGCTATC	286	15	301	95.01661129568106
ACCGGCAT	309	17	326	94.78527607361963
GCCCTCAA	381	13	394	96.7005076142132
CCGCTATG	417	12	429	97.2027972027972
GCCCTCAC	307	12	319	96.23824451410658
CCAACGCG	302	14	316	95.56962025316456
AATCGAAG	112	3	115	97.3913043478261
GATATGAG	195	3	198	98.48484848484848
GATATGAA	111	5	116	95.6896551724138
AATCGAAC	94	4	98	95.91836734693877
ACTGTCGG	295	14	309	95.46925566343042
AATCGAAA	65	4	69	94.20289855072464
GTGACGCG	444	17	461	96.31236442516268
TCCTACTT	84	3	87	96.55172413793103
CTGAGTAT	135	5	140	96.42857142857143
CTCTCAGA	196	4	200	98.0
CTCTCAGC	175	16	191	91.62303664921467
GTGACGCA	399	27	426	93.66197183098592
CACTTTGA	164	3	167	98.20359281437125
AATCGAAT	75	4	79	94.9367088607595
CACTTTGC	192	10	202	95.04950495049505
ACTGTCGT	326	8	334	97.60479041916167
CTCTCAGT	198	7	205	96.58536585365853
GTGACGCT	157	10	167	94.01197604790418
TCCTACTC	150	4	154	97.40259740259741
TCCTACTA	187	5	192	97.39583333333334
CGAATGTG	382	11	393	97.20101781170484
AGCAACAC	168	6	174	96.55172413793103
GTACGCCT	257	23	280	91.78571428571428
TTTTGTCT	157	2	159	98.74213836477988
CGCAGCAC	195	12	207	94.20289855072464
AGCAACAT	114	6	120	95.0
CATATAGG	164	2	166	98.79518072289156
CATATAGA	91	3	94	96.80851063829788
TACATAGG	175	0	175	100.0
AGTCATCA	153	7	160	95.625
GCCACCTA	229	12	241	95.0207468879668
GCCACCTC	242	14	256	94.53125
AAATCTTT	33	2	35	94.28571428571428
AAATCTTA	46	3	49	93.87755102040816
ACTCGTAC	242	10	252	96.03174603174604
GCGGAGTT	240	10	250	96.0
TCTTTTCC	142	3	145	97.93103448275862
GCGGAGTA	424	27	451	94.01330376940133
TTGGCATA	286	14	300	95.33333333333334
GCGGAGTG	529	30	559	94.63327370304114
CACCGTAT	209	11	220	95.0
ACAGTATA	140	4	144	97.22222222222221
CATGAGTT	135	6	141	95.74468085106383
CACCGTAG	300	7	307	97.71986970684038
CACCGTAA	262	15	277	94.58483754512635
CACCGTAC	250	9	259	96.52509652509652
GTTATCGG	232	2	234	99.14529914529915
TCGCAGCC	328	1	329	99.69604863221885
AAAATTAG	54	3	57	94.73684210526315
TAGGTGCT	240	11	251	95.61752988047809
ATCGCAGC	314	11	325	96.61538461538461
AAAATTAA	25	0	25	100.0
ATCGCAGG	308	9	317	97.16088328075709
TACATTGT	102	0	102	100.0
TAGGTGCG	436	18	454	96.0352422907489
ATCGCAGT	216	5	221	97.73755656108597
TAGGTGCC	175	7	182	96.15384615384616
TGAACGCC	109	7	116	93.96551724137932
TGAACGCA	267	14	281	95.01779359430606
TAGAGTCG	46	0	46	100.0
CGTATGGT	269	6	275	97.81818181818181
ACCCATTG	276	9	285	96.84210526315789
ACCCATTA	201	7	208	96.63461538461539
ACGTTCAT	208	6	214	97.19626168224299
ATCGGAGT	181	16	197	91.87817258883248
ACGTTCAA	175	11	186	94.08602150537635
ACCCATTT	144	5	149	96.64429530201343
CGTATGGG	363	4	367	98.9100817438692
GTTTCCGA	109	0	109	100.0
CGTATGGA	312	5	317	98.42271293375394
ACGTTCAG	340	6	346	98.26589595375722
TGTGCTGG	413	12	425	97.1764705882353
GGCGTTCA	296	12	308	96.1038961038961
TTGATTCT	199	6	205	97.07317073170731
TCAGGCAT	308	9	317	97.16088328075709
GGCGTTCG	349	3	352	99.14772727272727
ATTAAGGC	36	2	38	94.73684210526315
TATGTGAC	266	6	272	97.79411764705883
ATTAAGGA	27	1	28	96.42857142857143
ATTCAGAT	48	2	50	96.0
ATTAAGGG	54	4	58	93.10344827586206
CGCTCGGG	514	16	530	96.98113207547169
TACAAACG	108	1	109	99.08256880733946
CTTTTAGG	81	8	89	91.01123595505618
CTTTTAGA	50	7	57	87.71929824561403
GTAAGCAG	96	1	97	98.96907216494846
CTTTTAGC	162	6	168	96.42857142857143
ATTCAGAG	65	5	70	92.85714285714286
GCGTAATG	561	13	574	97.73519163763066
GCGTAATA	318	7	325	97.84615384615385
ATTCAGAA	152	7	159	95.59748427672956
ACGTGTGG	198	2	200	99.0
TACATTGC	80	3	83	96.3855421686747
ACGTGTGA	136	7	143	95.1048951048951
ACGTGTGC	155	2	157	98.72611464968153
TGTTACAG	98	6	104	94.23076923076923
CCCCTCGC	204	4	208	98.07692307692307
TCTTAATT	50	3	53	94.33962264150944
ACGTGTGT	169	3	172	98.25581395348837
TGTTACAT	74	2	76	97.36842105263158
TCTTAATA	44	4	48	91.66666666666666
TCTTAATG	89	9	98	90.81632653061224
GCCGATCG	206	2	208	99.03846153846155
CCTCTCTT	118	2	120	98.33333333333333
ACTTAACT	61	1	62	98.38709677419355
GCCGATCC	296	11	307	96.41693811074919
CAAATACT	15	0	15	100.0
GAAACGAA	75	3	78	96.15384615384616
GCCGAAAA	41	4	45	91.11111111111111
CCTCTCTG	109	5	114	95.6140350877193
GCCGATCT	145	14	159	91.19496855345912
CAAATACA	24	6	30	80.0
TCTGAGAG	61	6	67	91.04477611940298
CAAATACG	35	1	36	97.22222222222221
AATCCCAA	58	3	61	95.08196721311475
TGCTTTCC	66	3	69	95.65217391304348
TGCTTTCA	88	12	100	88.0
AATCCCAC	73	3	76	96.05263157894737
TGATTCCC	60	6	66	90.9090909090909
TCTGATCA	148	12	160	92.5
TGTTCGAC	259	12	271	95.5719557195572
TGCTTTCT	72	4	76	94.73684210526315
TGATTCCT	51	2	53	96.22641509433963
ACGCATTA	82	8	90	91.11111111111111
ACGCATTC	83	11	94	88.29787234042553
TCGCGAGA	135	12	147	91.83673469387756
ACGCATTG	172	20	192	89.58333333333334
TCGCGAGC	145	18	163	88.95705521472392
TCGCGAGT	129	4	133	96.99248120300751
AGAGGCAA	74	10	84	88.09523809523809
GGTTACGT	115	12	127	90.5511811023622
AGAGGCAG	79	2	81	97.53086419753086
GGTTACGC	131	11	142	92.25352112676056
AGAGGCAT	66	3	69	95.65217391304348
GGTTACGA	121	12	133	90.97744360902256
CCCCCCCT	87	13	100	87.0
TCGTTATA	58	4	62	93.54838709677419
TACGTGAG	244	28	272	89.70588235294117
TCCTCCTT	88	5	93	94.6236559139785
CCCAGAAG	39	5	44	88.63636363636364
TTACCATT	125	4	129	96.89922480620154
TCGTTATT	78	2	80	97.5
AGGTCCCA	87	3	90	96.66666666666667
CCCAGAAT	43	1	44	97.72727272727273
CGTCACTA	137	9	146	93.83561643835617
AATATGCT	39	4	43	90.69767441860465
CGTCACTC	142	14	156	91.02564102564102
CAACTGAT	37	7	44	84.0909090909091
CGTCACTG	176	23	199	88.44221105527639
GATGGAAG	135	1	136	99.26470588235294
GGGAGCGC	122	7	129	94.57364341085271
CAACTGAA	64	6	70	91.42857142857143
AATATGCG	67	6	73	91.78082191780823
CAACTGAC	63	16	79	79.74683544303798
AATATGCA	60	3	63	95.23809523809523
CGTCACTT	141	5	146	96.57534246575342
AATATGCC	33	3	36	91.66666666666666
TCTCATAT	113	7	120	94.16666666666667
GGGAGCGT	102	8	110	92.72727272727272
GCATGCAA	133	8	141	94.32624113475178
GCATGCAG	202	7	209	96.65071770334929
GGACGCTA	158	10	168	94.04761904761905
GGACGCTC	169	12	181	93.37016574585635
AATAGTAA	42	5	47	89.36170212765957
GGACGCTG	132	11	143	92.3076923076923
TAAGAGTA	35	6	41	85.36585365853658
TAAGAGTC	17	2	19	89.47368421052632
GCATGCAT	307	17	324	94.75308641975309
TAAGAGTG	163	8	171	95.32163742690058
CGCGGGAA	213	11	224	95.08928571428571
TGTTTTCG	65	1	66	98.48484848484848
CGCGGGAC	265	10	275	96.36363636363636
CACCCAGC	41	14	55	74.54545454545455
CGCGGGAG	236	9	245	96.3265306122449
AGACATCG	229	5	234	97.86324786324786
TTATCCAT	40	9	49	81.63265306122449
AGACATCC	93	3	96	96.875
AGACATCA	194	7	201	96.51741293532339
AAATGAGA	52	1	53	98.11320754716981
CCCAGTCT	157	7	164	95.73170731707317
AGACATCT	98	0	98	100.0
TTATCCAC	99	0	99	100.0
CCCAGTCG	269	12	281	95.72953736654804
CCCAGTCC	137	4	141	97.16312056737588
CCCAGTCA	257	22	279	92.1146953405018
TCGATAAT	88	3	91	96.7032967032967
CATCACGC	236	8	244	96.72131147540983
CATCACGA	276	17	293	94.19795221843003
GGTCGTCT	296	20	316	93.67088607594937
CATCACGT	293	18	311	94.21221864951768
GGGTAGCG	222	24	246	90.2439024390244
GGTCGTCA	312	27	339	92.03539823008849
GGGTAGCC	230	17	247	93.11740890688259
GGTCGTCC	293	21	314	93.31210191082803
GGGTAGCA	245	17	262	93.51145038167938
GTGTAGAT	136	7	143	95.1048951048951
AGAAGCGT	58	5	63	92.06349206349206
TTCTGCGA	220	20	240	91.66666666666666
TTCTGCGG	328	24	352	93.18181818181817
GTGTAGAG	152	11	163	93.25153374233128
AGAAGCGC	74	4	78	94.87179487179486
GTGTAGAC	164	2	166	98.79518072289156
AGAAGCGG	123	8	131	93.89312977099237
TCGCCGGC	359	29	388	92.5257731958763
TCGCCGGG	422	26	448	94.19642857142857
GTATGGGG	255	29	284	89.7887323943662
ATCCGGTG	132	16	148	89.1891891891892
CGAACCAT	108	10	118	91.52542372881356
ACAACGAA	117	9	126	92.85714285714286
TTTTCGCG	267	19	286	93.35664335664336
CATCTGCC	195	14	209	93.30143540669856
CAGCTGGA	221	18	239	92.46861924686193
CAGCTGGG	249	20	269	92.56505576208178
CGAACCAG	157	1	158	99.36708860759494
ATCCGGTT	194	10	204	95.09803921568627
ACAACGAT	108	11	119	90.75630252100841
AGCTCCAA	251	8	259	96.91119691119691
TCGTCAAT	173	12	185	93.51351351351352
CAATAAAT	25	0	25	100.0
AGAGATAC	62	3	65	95.38461538461539
AACACGTA	175	3	178	98.31460674157303
AACACGTC	98	5	103	95.14563106796116
AACACGTG	212	7	219	96.80365296803653
TCGTCAAA	160	10	170	94.11764705882352
CAATAAAA	7	0	7	100.0
TCGTCAAG	233	21	254	91.73228346456693
CACAGGAG	92	12	104	88.46153846153845
AACACGTT	95	4	99	95.95959595959596
CACAGGAC	104	9	113	92.03539823008849
CGGATCGA	316	18	334	94.61077844311377
CTTAGTGT	150	4	154	97.40259740259741
TAGAACTC	23	0	23	100.0
GGAGCGTA	160	7	167	95.80838323353294
GGAGCGTC	183	10	193	94.81865284974094
GGAGCGTT	164	3	167	98.20359281437125
TTGTTCAT	104	4	108	96.29629629629629
CGAGCACT	166	0	166	100.0
AGGCGACC	200	3	203	98.52216748768473
GGGAGTGT	172	16	188	91.48936170212765
ATTCTAGC	107	7	114	93.85964912280701
ATTCTAGG	159	9	168	94.64285714285714
CGAGCACG	326	11	337	96.73590504451039
CGAGCACA	208	9	217	95.85253456221197
ATTCTAGT	131	5	136	96.32352941176471
AGTTGATA	90	5	95	94.73684210526315
AGTTGATC	53	3	56	94.64285714285714
GTGTATCC	221	11	232	95.25862068965517
AAGCCTAA	117	9	126	92.85714285714286
GTGTATCG	348	10	358	97.20670391061452
ACATTCGA	191	11	202	94.55445544554455
ACATTCGC	179	11	190	94.21052631578948
GTTACTGA	187	8	195	95.8974358974359
TGCCGTGA	451	30	481	93.76299376299376
GGGGCCAA	286	11	297	96.29629629629629
CCACACCC	249	12	261	95.40229885057471
GTGTATCT	175	9	184	95.1086956521739
ACATTCGT	160	11	171	93.56725146198829
GGGGCCAC	174	11	185	94.05405405405406
GGGGCTCA	163	5	168	97.02380952380952
GACAAGGG	134	4	138	97.10144927536231
GACAAGGA	92	2	94	97.87234042553192
GACAAGGC	105	8	113	92.92035398230088
GGGGCTCG	210	5	215	97.67441860465115
TTCTTGCC	166	12	178	93.25842696629213
CATGACGC	177	17	194	91.23711340206185
AGAACCGG	83	4	87	95.40229885057471
CATGACGA	233	5	238	97.89915966386555
CATGACGG	282	8	290	97.24137931034483
CCAGTAGG	207	11	218	94.95412844036697
GGGGCTCT	162	14	176	92.04545454545455
GGGGCCAG	282	21	303	93.06930693069307
CCAGTAGA	158	5	163	96.93251533742331
AGAACCGT	115	5	120	95.83333333333334
CATGACGT	190	20	210	90.47619047619048
TTCTTGCT	153	5	158	96.83544303797468
GGCCCGCG	795	53	848	93.75
GGCCCGCC	536	21	557	96.22980251346499
GGCCCGCA	637	34	671	94.93293591654248
CACTTGCC	393	8	401	98.00498753117208
CACTTGCG	547	3	550	99.45454545454545
GGCCCGCT	654	15	669	97.75784753363229
CACTTGCT	272	6	278	97.84172661870504
TGGTAGGG	360	0	360	100.0
TGGTAGGC	473	4	477	99.16142557651992
TGGTAGGA	385	1	386	99.74093264248705
AACGGAGA	212	2	214	99.06542056074767
AACGGAGC	177	2	179	98.88268156424581
AACGGAGG	182	0	182	100.0
TGGTAGGT	375	8	383	97.911227154047
TGCGAGGT	380	18	398	95.47738693467338
CAGTCCTT	229	17	246	93.08943089430895
AGGTAATA	180	6	186	96.7741935483871
CACTGCGC	575	20	595	96.63865546218487
CACTGCGA	548	27	575	95.30434782608695
GAAGACGA	158	4	162	97.53086419753086
CACGGGCT	130	2	132	98.48484848484848
GAAGACGC	139	10	149	93.28859060402685
CAGTCCTG	396	27	423	93.61702127659575
TGCGAGGG	483	17	500	96.6
CAGTCCTC	242	9	251	96.41434262948208
TGCGAGGA	473	13	486	97.32510288065843
CAGTCCTA	312	8	320	97.5
GGGCGCTC	525	19	544	96.50735294117648
CACTGCGT	550	24	574	95.81881533101046
ATATGGGC	285	11	296	96.28378378378379
ATATGGGA	293	17	310	94.51612903225806
ATATGGGG	304	14	318	95.59748427672956
GTTGCGTG	1085	15	1100	98.63636363636363
ACATTAGT	159	11	170	93.52941176470588
GCTTAGCC	431	11	442	97.51131221719457
GCTTAGCG	537	15	552	97.28260869565217
CTGTGATC	301	14	315	95.55555555555556
GACGGTAT	187	1	188	99.46808510638297
CGGAGGGG	315	8	323	97.52321981424149
GGGGCATC	205	5	210	97.61904761904762
GTGGGAGT	345	23	368	93.75
CTTATTTC	78	0	78	100.0
CGGAGGGT	279	10	289	96.53979238754326
TAACCTTC	103	1	104	99.03846153846155
GTGGGAGG	505	13	518	97.49034749034749
TACCACCC	349	17	366	95.3551912568306
TACCACCA	212	13	225	94.22222222222221
CTCGGTAA	364	9	373	97.58713136729223
GTTTCCCG	552	14	566	97.52650176678446
GTTTCCCC	303	16	319	94.98432601880877
CTCGGTAG	411	24	435	94.48275862068965
GTTTCCCA	360	9	369	97.5609756097561
GCTGGTCT	524	19	543	96.50092081031308
CCCTCCGT	449	29	478	93.93305439330544
CCCCTCCC	383	12	395	96.9620253164557
GTTTCCCT	323	10	333	96.996996996997
CTCGGTAT	135	13	148	91.21621621621621
TCCTCTGA	330	9	339	97.34513274336283
GACCTAGA	129	4	133	96.99248120300751
GCTGGTCC	490	6	496	98.79032258064517
CCCTCCGG	438	5	443	98.87133182844244
GAGAAGCT	70	1	71	98.59154929577466
AAGGATGT	250	4	254	98.4251968503937
AACCATAT	181	4	185	97.83783783783784
ATTGGCGT	377	4	381	98.9501312335958
ACAGTCTG	349	3	352	99.14772727272727
AAGGATGC	230	5	235	97.87234042553192
CGATCGCT	268	15	283	94.69964664310953
AAGGATGA	188	4	192	97.91666666666666
GAGAAGCA	129	10	139	92.80575539568345
AAGGATGG	208	11	219	94.97716894977168
GAGAAGCC	63	4	67	94.02985074626866
ATTGGCGC	335	25	360	93.05555555555556
ATTGGCGA	422	13	435	97.01149425287356
AACCATAC	208	11	219	94.97716894977168
AACCATAG	204	8	212	96.22641509433963
CAGTTGTT	220	9	229	96.06986899563319
AAGACATT	54	1	55	98.18181818181819
TGAAACCT	66	9	75	88.0
ACTCCGAC	317	11	328	96.64634146341463
TCTGCGGA	488	19	507	96.25246548323472
ACTCCGAA	304	8	312	97.43589743589743
TCTGCGGG	513	31	544	94.30147058823529
ACTCCGAG	403	20	423	95.27186761229315
CAGTTGTG	388	13	401	96.75810473815461
AAGACATA	114	7	121	94.21487603305785
CAGTTGTA	257	10	267	96.25468164794007
TGAAACCG	172	5	177	97.17514124293785
TGGGAAAT	99	7	106	93.39622641509435
TGAAACCA	143	7	150	95.33333333333334
ACTCCGAT	273	30	303	90.0990099009901
CAGAGCAG	223	11	234	95.2991452991453
CAGAGCAA	247	5	252	98.01587301587301
CAGAGCAC	141	5	146	96.57534246575342
AATTGGGA	171	4	175	97.71428571428571
AATTGGGC	144	4	148	97.2972972972973
AATTGGGG	150	6	156	96.15384615384616
CTTGCTAA	292	15	307	95.11400651465797
CAGAGCAT	178	13	191	93.19371727748691
TATAGAAC	29	0	29	100.0
TGCTGTCC	444	30	474	93.67088607594937
ACAAAGGA	130	1	131	99.23664122137404
ATGCTCTA	303	15	318	95.28301886792453
AATTGGGT	134	17	151	88.74172185430463
CTAGTTAC	190	11	201	94.5273631840796
CTAGTTAA	187	5	192	97.39583333333334
CTAGTTAG	262	23	285	91.9298245614035
CCTATCCA	336	15	351	95.72649572649573
CCTATCCC	266	18	284	93.66197183098592
CGAGGCCA	358	15	373	95.97855227882037
CCTATCCG	409	15	424	96.4622641509434
CTAGTTAT	173	3	176	98.29545454545455
CGAGGCCT	210	7	217	96.7741935483871
CCTATCCT	212	9	221	95.92760180995475
GACTTGTT	273	11	284	96.12676056338029
TCCCTCTA	186	13	199	93.46733668341709
ATGGACGT	87	0	87	100.0
TCCCTCTG	314	15	329	95.44072948328267
GACTTGTG	369	21	390	94.61538461538461
GACTTGTC	230	3	233	98.71244635193133
GACTTGTA	291	6	297	97.97979797979798
TTTAATCC	94	2	96	97.91666666666666
ACAGCGTT	261	11	272	95.95588235294117
ATTAACAT	110	5	115	95.65217391304348
TCCGTGGG	528	21	549	96.17486338797814
TAACTTCT	122	16	138	88.40579710144928
GCAGTTAA	45	4	49	91.83673469387756
ATTAACAC	145	15	160	90.625
AGCAGTCG	304	6	310	98.06451612903226
AGCAGTCA	345	11	356	96.91011235955057
ATTAACAG	194	10	204	95.09803921568627
AGCAGTCC	195	18	213	91.54929577464789
TAACTTCA	191	5	196	97.44897959183673
TCCGTGGT	525	24	549	95.62841530054644
TACTCCAG	71	5	76	93.42105263157895
TAACTTCG	296	10	306	96.73202614379085
GTAGATCT	134	9	143	93.7062937062937
TGGCCGGT	556	20	576	96.52777777777779
GTAGATCG	276	8	284	97.1830985915493
GTAGATCA	227	12	239	94.97907949790795
AATTTACA	101	5	106	95.28301886792453
AGATAAGA	78	1	79	98.73417721518987
AGATAAGC	76	0	76	100.0
CCGCCTAC	382	15	397	96.22166246851386
CCGCCTAA	470	12	482	97.5103734439834
CCGCCTAG	504	24	528	95.45454545454545
GACACGAT	241	6	247	97.57085020242914
TTAGTCTC	183	3	186	98.38709677419355
TTAGTCTA	248	7	255	97.25490196078431
CCGCCTAT	426	18	444	95.94594594594594
GACACGAG	333	9	342	97.36842105263158
TTAGTCTT	175	3	178	98.31460674157303
TCCACTAT	231	8	239	96.65271966527197
TCACCAGA	342	29	371	92.18328840970351
TCACCAGG	463	23	486	95.26748971193416
TCCACTAA	219	4	223	98.20627802690582
TCCACTAC	219	6	225	97.33333333333334
CGTAGGGT	246	6	252	97.61904761904762
TCGCAGAT	294	5	299	98.32775919732441
CCTCGGGG	424	11	435	97.47126436781609
ACTGGCTG	254	8	262	96.94656488549617
TGTGTACG	233	23	256	91.015625
ACTGGCTA	172	5	177	97.17514124293785
CCTCGGGC	204	13	217	94.00921658986175
CCTCGGGA	189	6	195	96.92307692307692
CGTAGGGA	140	12	152	92.10526315789474
TAGGCCGG	203	11	214	94.85981308411215
TCGCAGAG	159	1	160	99.375
CGTAGGGG	91	3	94	96.80851063829788
ACTGGCTT	117	2	119	98.31932773109243
ACGTCGGA	130	12	142	91.54929577464789
TATTCTAC	50	2	52	96.15384615384616
TCCGCTGT	167	3	170	98.23529411764706
TATTCTAA	38	0	38	100.0
TATTCTAG	59	3	62	95.16129032258065
TCCTGAAT	72	1	73	98.63013698630137
GAAGCCAC	83	8	91	91.20879120879121
TCCTGTCA	157	17	174	90.22988505747126
CGGCCACT	177	18	195	90.76923076923077
GCTGCTGG	284	21	305	93.11475409836065
GCTGCTGA	195	20	215	90.69767441860465
TCCTGAAA	73	2	75	97.33333333333334
GAAGCCAT	85	2	87	97.70114942528735
TCCTGTCT	122	5	127	96.06299212598425
TCCGCTGA	147	15	162	90.74074074074075
CTGTAGCT	93	6	99	93.93939393939394
TCCGCTGC	231	12	243	95.06172839506173
TATTCTAT	46	1	47	97.87234042553192
GCTGCTGT	294	15	309	95.14563106796116
CGGCCACG	287	17	304	94.4078947368421
TCATCAGT	98	3	101	97.02970297029702
ACTCGGAC	166	1	167	99.40119760479041
TCATCAGG	170	5	175	97.14285714285714
TCATCAGA	100	4	104	96.15384615384616
TCATCAGC	142	10	152	93.42105263157895
ATCAGGCT	74	1	75	98.66666666666667
TCTTGAGG	162	5	167	97.0059880239521
CCTGAGAT	84	3	87	96.55172413793103
GAGCGCTA	198	9	207	95.65217391304348
CTTAATTT	25	0	25	100.0
TTACAGCT	95	5	100	95.0
AGTTAGCC	85	4	89	95.50561797752809
GAATTTCT	28	0	28	100.0
AGTTAGCG	113	5	118	95.76271186440678
CTTAATTC	38	0	38	100.0
TCTTGAGT	118	8	126	93.65079365079364
CTTAATTG	78	10	88	88.63636363636364
ATCAGGCA	102	5	107	95.32710280373831
CCTGAGAA	89	5	94	94.68085106382979
GGGTCGTA	267	18	285	93.6842105263158
TTACAGCG	153	6	159	96.22641509433963
TTACAGCA	157	3	160	98.125
TTACAGCC	118	9	127	92.91338582677166
ATAGAGTC	59	1	60	98.33333333333333
ACTTATTT	42	1	43	97.67441860465115
ACGGTATG	318	33	351	90.5982905982906
ATGGTCGG	246	13	259	94.98069498069498
ATGGTCGA	157	5	162	96.91358024691358
AACGCGAC	122	7	129	94.57364341085271
ATTGCGTC	161	6	167	96.40718562874252
ACCATTTC	60	4	64	93.75
AATGTTAG	101	4	105	96.19047619047619
ACCAAACT	46	0	46	100.0
AATGTTAA	76	1	77	98.7012987012987
ATTGCGTT	142	4	146	97.26027397260275
AACGCGAT	122	6	128	95.3125
GCGGCAAC	211	9	220	95.9090909090909
GCGGCAAA	194	2	196	98.9795918367347
GCGGCAAG	273	7	280	97.5
ACCAAACA	47	1	48	97.91666666666666
GGGATGGT	181	2	183	98.90710382513662
TAAGCCGT	109	3	112	97.32142857142857
CTACCTGT	127	3	130	97.6923076923077
CCCTTTTA	78	1	79	98.73417721518987
CTACCTGA	129	5	134	96.26865671641791
CTACCTGC	151	8	159	94.9685534591195
TAAGCCGC	127	8	135	94.07407407407408
TAAGCCGA	117	5	122	95.90163934426229
CATGGGTT	89	5	94	94.68085106382979
CGCCCCGC	214	9	223	95.96412556053812
CGCCCCGA	235	3	238	98.73949579831933
CATGGGTA	169	11	180	93.88888888888889
ATGAAGAA	25	0	25	100.0
ATGAAGAC	52	1	53	98.11320754716981
ATGAAGAG	45	1	46	97.82608695652173
GACCCCGT	138	3	141	97.87234042553192
AGTCACCT	49	0	49	100.0
AGACTACG	102	1	103	99.02912621359224
CGATTCTC	62	1	63	98.4126984126984
AGTCACCG	94	6	100	94.0
GACCCCGG	170	1	171	99.41520467836257
GACCCCGA	155	5	160	96.875
GACCCCGC	155	8	163	95.0920245398773
AGTCACCA	84	0	84	100.0
CGATTCTA	108	6	114	94.73684210526315
TTAGTAAT	60	4	64	93.75
TAACCCGC	180	15	195	92.3076923076923
GGCAACCT	169	6	175	96.57142857142857
GATAGGAT	118	0	118	100.0
TAACCCGG	269	18	287	93.72822299651567
CAAAAATA	20	1	21	95.23809523809523
CAAAAATC	7	0	7	100.0
CAAAAATG	31	0	31	100.0
GTTCAAGT	166	1	167	99.40119760479041
GATAGGAC	107	0	107	100.0
GGCAACCC	144	10	154	93.5064935064935
TAACCCGT	199	27	226	88.05309734513274
GATAGGAG	110	7	117	94.01709401709401
TCTAAATA	104	3	107	97.19626168224299
TACGTGCC	310	7	317	97.79179810725552
TCTAAATC	92	0	92	100.0
TCTAAATG	146	4	150	97.33333333333334
CGCTTGAG	274	8	282	97.16312056737588
CGCTTGAC	303	14	317	95.58359621451105
TCTTCCGT	288	14	302	95.36423841059603
GGTCAACC	198	13	211	93.8388625592417
CTGGGCTA	302	22	324	93.20987654320987
GGTCAACT	177	8	185	95.67567567567568
TCTTCCGG	346	8	354	97.74011299435028
TCTTCCGC	261	11	272	95.95588235294117
AATGGGAT	113	0	113	100.0
CGGGATCC	235	9	244	96.31147540983606
CGGGATCG	360	13	373	96.51474530831099
GCAGAGGT	177	3	180	98.33333333333333
GCGTAGGG	465	15	480	96.875
CCCGGTCT	267	13	280	95.35714285714286
GCGTAGGC	316	18	334	94.61077844311377
AATTCAAT	49	2	51	96.07843137254902
GCAGAGGG	300	7	307	97.71986970684038
CCCGGTCA	368	10	378	97.35449735449735
GCGTAGGT	341	12	353	96.60056657223795
AATAATTG	106	2	108	98.14814814814815
AATAATTA	51	1	52	98.07692307692307
CCCGGTCG	500	25	525	95.23809523809523
CGCCGTAT	346	15	361	95.84487534626038
AACTATGA	145	11	156	92.94871794871796
ACGGAGTT	163	16	179	91.06145251396647
CGGCTTCA	302	14	316	95.56962025316456
GGGCTAAT	225	15	240	93.75
CGCCGTAG	387	14	401	96.50872817955111
CGCCGTAC	334	14	348	95.97701149425288
CGCCGTAA	318	9	327	97.24770642201835
ACGGAGTG	352	7	359	98.05013927576601
GGGCTAAA	138	7	145	95.17241379310344
GGGCTAAG	255	19	274	93.06569343065694
ACGGAGTA	248	15	263	94.29657794676805
CGCCGAGA	319	17	336	94.94047619047619
ATCACGCC	193	6	199	96.98492462311557
TGGCAATC	209	4	213	98.12206572769952
GAGGGCCA	266	17	283	93.99293286219081
TGGCAATG	334	25	359	93.03621169916435
AATAGGAC	75	5	80	93.75
CTCCCCCA	275	17	292	94.17808219178082
CTCCCCCC	198	10	208	95.1923076923077
ATCACGCT	177	6	183	96.72131147540983
CGCCGAGT	374	7	381	98.16272965879264
CTCCCCCG	320	8	328	97.5609756097561
AATAGGAT	64	5	69	92.7536231884058
TTAGAAAC	38	0	38	100.0
TGGCAATT	146	7	153	95.42483660130719
ATAGTGAT	106	7	113	93.80530973451327
GATTGACT	135	6	141	95.74468085106383
ATAGTGAC	147	1	148	99.32432432432432
ATAGTGAA	111	3	114	97.36842105263158
ATAGTGAG	166	2	168	98.80952380952381
ACGAGTCT	162	2	164	98.78048780487805
CTCGTCCG	410	8	418	98.08612440191388
CTCGTCCA	344	3	347	99.13544668587896
GATTGACG	242	3	245	98.77551020408163
ATAGTCGT	185	1	186	99.46236559139786
ATGTGCTG	375	2	377	99.46949602122017
TGAGATGA	214	1	215	99.53488372093024
ATGTGCTA	216	16	232	93.10344827586206
TGAGATGC	166	10	176	94.31818181818183
ATGTGCTC	223	15	238	93.69747899159664
TATGAAGT	77	4	81	95.06172839506173
AACTAAAT	36	0	36	100.0
AACGCTCG	87	1	88	98.86363636363636
TCATGTTA	230	10	240	95.83333333333334
ATAGTTCC	68	7	75	90.66666666666666
ATAGTTCA	83	3	86	96.51162790697676
ATGTGCTT	201	9	210	95.71428571428572
CCATCCGC	248	11	259	95.75289575289575
TATGAAGG	101	4	105	96.19047619047619
TATGAAGA	95	1	96	98.95833333333334
AACTAAAA	27	0	27	100.0
AAGCAACG	167	5	172	97.09302325581395
AAGCAACC	44	5	49	89.79591836734694
TCTGCCAT	241	12	253	95.25691699604744
TCTGCCAC	309	17	326	94.78527607361963
TCTGCCAG	339	13	352	96.30681818181817
TGACTTAA	149	7	156	95.51282051282051
TGACTTAC	193	0	193	100.0
TGACTTAG	231	3	234	98.71794871794873
ATAGTCGC	161	3	164	98.17073170731707
ATAAATTT	12	0	12	100.0
CAGTGACA	168	5	173	97.10982658959537
TACTGTAG	57	7	64	89.0625
CATAACCC	45	2	47	95.74468085106383
TACTGTAC	73	9	82	89.02439024390245
CATAACCG	50	6	56	89.28571428571429
TGCAGACC	66	2	68	97.05882352941177
GGTTTGTG	123	15	138	89.13043478260869
CGTGTATG	139	13	152	91.44736842105263
CGTGTATA	124	6	130	95.38461538461539
CGTGTATC	135	1	136	99.26470588235294
CAAAGAAG	20	0	20	100.0
CAAAGAAA	13	0	13	100.0
GGTTTGTT	95	2	97	97.9381443298969
TAAAATCA	35	0	35	100.0
TAAAATCC	10	0	10	100.0
AAGCTATA	46	7	53	86.79245283018868
AAGCTATC	40	0	40	100.0
AACCTCAC	135	6	141	95.74468085106383
AAGCTATG	89	6	95	93.6842105263158
TTCAGAAA	22	6	28	78.57142857142857
AAGCTATT	27	12	39	69.23076923076923
TTCAGAAT	21	2	23	91.30434782608695
ATTGTATT	51	0	51	100.0
ACGACAAG	101	2	103	98.05825242718447
ACGACAAC	70	9	79	88.60759493670885
ACGACAAA	51	1	52	98.07692307692307
GAACTTAC	52	9	61	85.24590163934425
GAACTAGC	44	9	53	83.01886792452831
GCCTCGAA	141	2	143	98.6013986013986
TCCCCGAG	144	12	156	92.3076923076923
TCCCCGAA	74	19	93	79.56989247311827
TCCCCGAC	98	12	110	89.0909090909091
ACGACTCA	77	5	82	93.90243902439023
TGTATGAG	64	21	85	75.29411764705883
GAATTTTG	33	4	37	89.1891891891892
TGTATGAT	58	5	63	92.06349206349206
GTCCGCCA	153	27	180	85.0
CTGCATAT	71	7	78	91.02564102564102
GGCTCGGA	149	24	173	86.1271676300578
GTCCGCCG	228	22	250	91.2
ACTGATAG	95	10	105	90.47619047619048
TAGGAAGA	61	4	65	93.84615384615384
TAGGAAGC	36	3	39	92.3076923076923
ACTGATAC	48	8	56	85.71428571428571
ACTGATAA	49	3	52	94.23076923076923
TAGGAAGG	82	10	92	89.13043478260869
GGCTCGGT	123	17	140	87.85714285714286
GTCCGCCT	133	17	150	88.66666666666667
CTTTGACA	58	9	67	86.56716417910447
CTTTGACC	60	3	63	95.23809523809523
TAGGAAGT	43	7	50	86.0
CTTTGACG	82	4	86	95.34883720930233
CAGTTAGA	57	6	63	90.47619047619048
TGACTCTA	93	21	114	81.57894736842105
CAGTTAGC	64	4	68	94.11764705882352
TGACTCTC	81	12	93	87.09677419354838
TGACTCTG	93	14	107	86.91588785046729
CAGTTAGT	59	6	65	90.76923076923077
AGCTGTAC	71	10	81	87.65432098765432
AGCTGTAA	86	8	94	91.48936170212765
AGCTGTAG	87	17	104	83.65384615384616
CGTAGTCA	113	3	116	97.41379310344827
CGTAGTCG	137	0	137	100.0
ATCCGAGC	93	3	96	96.875
CGTAGTCT	67	11	78	85.8974358974359
TTCGGCGC	113	13	126	89.68253968253968
TTCGGCGG	152	15	167	91.01796407185628
TCTGACTA	73	1	74	98.64864864864865
TTGTTGCT	103	9	112	91.96428571428571
TCTGACTG	119	9	128	92.96875
TTCGGCGT	152	24	176	86.36363636363636
TTGTTGCG	136	11	147	92.51700680272108
TCTGACTT	88	8	96	91.66666666666666
TGACCACC	88	7	95	92.63157894736842
TGACCACA	93	13	106	87.73584905660378
TGACCACG	174	9	183	95.08196721311475
TTAATATT	19	0	19	100.0
GCACAGCG	325	19	344	94.47674418604652
TTAATATA	30	3	33	90.9090909090909
TGACCACT	91	12	103	88.3495145631068
ACAGCAGA	99	6	105	94.28571428571428
ACAGCAGC	109	12	121	90.08264462809917
AATGCTCC	63	4	67	94.02985074626866
TGGTGTCT	93	10	103	90.29126213592234
GTACGCGA	184	17	201	91.54228855721394
ACGCAACT	85	14	99	85.85858585858585
CTAACCTT	16	2	18	88.88888888888889
TGCGTAGA	126	14	140	90.0
ACGCAACC	140	9	149	93.95973154362416
TGGTGTCC	128	12	140	91.42857142857143
GTACGCGT	162	19	181	89.50276243093923
TGGTGTCA	156	6	162	96.29629629629629
ATGTCTGT	77	9	86	89.53488372093024
GGGTACTA	82	3	85	96.47058823529412
ATGTCTGA	83	9	92	90.21739130434783
CCCGCGCC	154	1	155	99.35483870967742
CCCGCGCA	233	0	233	100.0
CCCGCGCG	261	2	263	99.23954372623575
GAATAATT	27	2	29	93.10344827586206
GACGCTTG	120	8	128	93.75
GGGGAAAC	38	1	39	97.43589743589743
GACGCTTA	80	7	87	91.95402298850574
AGGGCCAT	92	11	103	89.32038834951457
CCCGCGCT	153	19	172	88.95348837209302
AGGGCCAC	140	6	146	95.8904109589041
GAGGGTAA	155	2	157	98.72611464968153
GACGCTTT	104	2	106	98.11320754716981
AGGGCCAG	160	12	172	93.02325581395348
ACCCCGTG	215	5	220	97.72727272727273
CTCTCGAG	362	39	401	90.27431421446383
ACCCCGTC	228	4	232	98.27586206896551
TTAAGACC	53	0	53	100.0
AATATGGG	108	1	109	99.08256880733946
ACTAGGGG	125	1	126	99.20634920634922
GCAGTCGA	262	6	268	97.76119402985076
ACTAGGGA	102	1	103	99.02912621359224
GATCACAA	129	2	131	98.47328244274809
AGCTATTT	76	1	77	98.7012987012987
GATCACAC	137	7	144	95.13888888888889
GATCACAG	148	6	154	96.1038961038961
GACGCCAC	170	2	172	98.83720930232558
GACGCCAA	203	3	206	98.54368932038835
TTATGAAC	72	4	76	94.73684210526315
AGCTATTG	127	8	135	94.07407407407408
GATCACAT	119	2	121	98.34710743801654
AGCTATTC	88	4	92	95.65217391304348
GACGCCAT	137	7	144	95.13888888888889
GTTTTATT	66	4	70	94.28571428571428
CAGGCCAG	172	4	176	97.72727272727273
TCACTTCC	112	8	120	93.33333333333333
TTCCGCGG	283	11	294	96.25850340136054
TATCCCAT	110	8	118	93.22033898305084
TTCCGCGA	303	27	330	91.81818181818183
TACCGAAA	73	4	77	94.8051948051948
TTCCGCGC	204	13	217	94.00921658986175
TACCGAAC	125	5	130	96.15384615384616
GTTTTATA	77	2	79	97.46835443037975
TACCGAAT	155	3	158	98.10126582278481
AAATTCTC	30	0	30	100.0
CAGGCCAT	184	9	193	95.33678756476684
TATCCCAC	112	12	124	90.32258064516128
AAATTCTG	48	2	50	96.0
TCACTTCT	95	8	103	92.23300970873787
CTTTCGCA	155	5	160	96.875
TTCGATTC	120	6	126	95.23809523809523
GAGGTCGG	231	6	237	97.46835443037975
GAGGTCGA	188	7	195	96.41025641025641
TTCGATTG	181	6	187	96.79144385026738
GAGGTCGC	155	7	162	95.67901234567901
AACCCTCA	89	8	97	91.75257731958763
GCGGGGTT	222	9	231	96.1038961038961
AACCCTCG	138	13	151	91.3907284768212
CGCCCGAA	239	10	249	95.98393574297188
CGCCCGAC	263	10	273	96.33699633699634
TGAAATCT	24	2	26	92.3076923076923
CGCCCGAG	157	15	172	91.27906976744185
TCATACAT	196	2	198	98.98989898989899
CCTTCTAT	70	3	73	95.8904109589041
TGCGACTA	120	6	126	95.23809523809523
CAGTCGAG	103	3	106	97.16981132075472
TTTGATTT	42	0	42	100.0
CAGTCGAA	98	1	99	98.98989898989899
TGCGACTG	139	1	140	99.28571428571429
CCTTCTAA	78	3	81	96.29629629629629
CACACAAA	74	0	74	100.0
CCTTCTAC	65	0	65	100.0
CCTTCTAG	100	1	101	99.00990099009901
TTTGATTA	42	0	42	100.0
CTACTTTT	61	2	63	96.82539682539682
TAAACTCT	16	4	20	80.0
TAAACTCC	27	2	29	93.10344827586206
TAAACTCA	31	0	31	100.0
GAACCCCC	61	2	63	96.82539682539682
GAACCCCA	51	7	58	87.93103448275862
GAACCCCG	85	1	86	98.83720930232558
CGCTCGCA	141	11	152	92.76315789473685
CGCTCGCC	142	2	144	98.61111111111111
AGACGAAC	52	3	55	94.54545454545455
ACACATGG	144	7	151	95.36423841059603
GCTCTGGA	160	12	172	93.02325581395348
GGAGAAAT	15	0	15	100.0
GCTCTGGG	168	5	173	97.10982658959537
ACACATGA	98	2	100	98.0
CGCTCGCT	140	5	145	96.55172413793103
ACACATGT	110	5	115	95.65217391304348
GGAGAAAC	17	3	20	85.0
GGAGAAAA	14	0	14	100.0
TAGCTGTT	67	11	78	85.8974358974359
TACAAAGC	22	0	22	100.0
TACAAAGA	34	0	34	100.0
CAGTCTGT	86	12	98	87.75510204081633
GCGCCCCC	151	16	167	90.41916167664671
TTGAATAA	33	1	34	97.05882352941177
GCGCCCCG	216	26	242	89.25619834710744
TTGAATAG	50	3	53	94.33962264150944
CAGTCTGA	78	10	88	88.63636363636364
CAGTCTGG	107	13	120	89.16666666666667
TAGCTGTC	104	9	113	92.03539823008849
TTGAATAT	45	2	47	95.74468085106383
GCGCCCCT	148	11	159	93.08176100628931
GATCATTA	64	3	67	95.52238805970148
TCTATGTG	117	5	122	95.90163934426229
GATCATTC	74	7	81	91.35802469135803
TCTATGTA	77	1	78	98.71794871794873
CTGAACAT	50	1	51	98.0392156862745
GATCATTG	101	8	109	92.66055045871559
ACAGTGAG	90	11	101	89.10891089108911
ACAGTGAA	55	2	57	96.49122807017544
GATGTGAG	150	7	157	95.54140127388536
TCTATGTT	59	6	65	90.76923076923077
CTGAACAA	57	6	63	90.47619047619048
GATGTGAC	100	8	108	92.5925925925926
ACTGGTGG	324	4	328	98.78048780487805
AGTTGTTT	19	1	20	95.0
ACGTCTAT	69	3	72	95.83333333333334
AGTTGTTA	28	0	28	100.0
AGTTGTTC	21	0	21	100.0
AGTTGTTG	1	1	2	50.0
ACGTCTAG	102	4	106	96.22641509433963
ACGTCTAC	82	3	85	96.47058823529412
ACGTCTAA	64	3	67	95.52238805970148
TGTGCTCG	155	14	169	91.71597633136095
TGTGCTCA	108	6	114	94.73684210526315
TGTGCTCT	82	17	99	82.82828282828282
ACGAGGGG	66	10	76	86.8421052631579
AGTAGAGA	34	0	34	100.0
GTGGACCT	87	10	97	89.69072164948454
AGTAGAGC	33	4	37	89.1891891891892
TTATGTTC	75	4	79	94.9367088607595
ACGAGGGA	68	9	77	88.31168831168831
TTATGTTA	100	9	109	91.74311926605505
AAGACGTA	58	3	61	95.08196721311475
AAGACGTC	36	0	36	100.0
ACAGTTGC	74	4	78	94.87179487179486
GTGGACCC	96	4	100	96.0
ACAGTTGG	99	1	100	99.0
CTCTAATA	45	3	48	93.75
CAATGTTG	44	3	47	93.61702127659575
CAATGTTC	32	0	32	100.0
ACCTACGC	117	2	119	98.31932773109243
CTACTGAT	73	1	74	98.64864864864865
CCGGGATC	112	1	113	99.11504424778761
ACCTACGT	92	4	96	95.83333333333334
TAGATACG	75	4	79	94.9367088607595
GGCTCCAA	117	6	123	95.1219512195122
CAATGCTG	67	2	69	97.10144927536231
CCGGGATT	71	3	74	95.94594594594594
CTACTGAG	235	19	254	92.51968503937007
CTACTGAA	123	15	138	89.13043478260869
CTACTGAC	189	19	208	90.86538461538461
CATCGCGA	249	6	255	97.6470588235294
TCTTCATT	140	1	141	99.29078014184397
GATTCGTG	339	15	354	95.76271186440678
GATTCGTC	190	2	192	98.95833333333334
GATTCGTA	204	3	207	98.55072463768117
TCTTCATG	249	5	254	98.03149606299213
TCTTCATC	178	6	184	96.73913043478261
TCTTCATA	139	4	143	97.2027972027972
ATTGAATC	64	2	66	96.96969696969697
GATTCGTT	183	2	185	98.91891891891892
TAGCACAA	185	4	189	97.88359788359789
TAGCACAC	235	5	240	97.91666666666666
TAGCACAG	281	21	302	93.04635761589404
GGTGGGAG	260	9	269	96.6542750929368
TAGCACAT	187	16	203	92.11822660098522
TTTTTCCA	177	9	186	95.16129032258065
TTTTTCCG	171	19	190	90.0
CGTGGCGT	453	18	471	96.17834394904459
GAGCCGTT	273	4	277	98.55595667870037
TGCCAAGC	243	6	249	97.59036144578313
TGCCAAGA	217	5	222	97.74774774774775
TGCCAAGG	272	9	281	96.79715302491103
TACGCGAC	202	5	207	97.58454106280193
CGTGGCGC	306	12	318	96.22641509433963
CGTGGCGA	401	17	418	95.93301435406698
CGTGGCGG	455	13	468	97.22222222222221
TTTTTCCT	90	7	97	92.78350515463917
GAGCCGTG	372	24	396	93.93939393939394
GAGCCGTA	275	26	301	91.36212624584718
TGCCAAGT	218	21	239	91.21338912133892
GAGCCGTC	231	18	249	92.7710843373494
CATTGTGT	260	11	271	95.9409594095941
TCTCGGGA	247	17	264	93.56060606060606
ACTGGGAA	155	9	164	94.51219512195121
CGCTGGCT	274	17	291	94.15807560137456
ACTGGGAG	184	5	189	97.35449735449735
CTGTCCGG	314	8	322	97.51552795031056
CTGTCCGC	259	11	270	95.92592592592592
CTGTCCGA	327	25	352	92.89772727272727
TGTGGAAG	198	14	212	93.39622641509435
CGCTGGCC	338	2	340	99.41176470588235
TGTGGAAC	164	1	165	99.39393939393939
TGTGGAAA	108	0	108	100.0
CATTGTGC	201	14	215	93.48837209302326
GGAGCCCG	191	2	193	98.96373056994818
GGTGGGAT	245	3	248	98.79032258064517
CTACAAGT	153	0	153	100.0
TAATTGGA	112	5	117	95.72649572649573
GTATGGCG	384	9	393	97.70992366412213
TAATTGGG	152	6	158	96.20253164556962
CTACAAGC	100	6	106	94.33962264150944
CTACAAGA	163	5	168	97.02380952380952
CCTGGCAT	242	6	248	97.58064516129032
CGTATCAC	229	8	237	96.62447257383965
CGTATCAA	199	5	204	97.54901960784314
ATGGAGTG	260	9	269	96.6542750929368
ATGGAGTA	229	13	242	94.62809917355372
ATGGAGTC	104	7	111	93.69369369369369
CCTGGCAG	317	12	329	96.35258358662614
CCTGGCAA	228	14	242	94.21487603305785
ATGGAGTT	110	2	112	98.21428571428571
ATGTAGCG	191	7	198	96.46464646464646
TATTAACT	55	7	62	88.70967741935483
AATTATGG	149	4	153	97.38562091503267
ATGTAGCC	149	5	154	96.75324675324676
AAACCGAG	121	3	124	97.58064516129032
AGATTGAA	83	5	88	94.31818181818183
TAATACCT	67	6	73	91.78082191780823
AGATTGAG	178	6	184	96.73913043478261
AAACCGAA	82	4	86	95.34883720930233
TATTAACG	129	4	133	96.99248120300751
ATATTTTG	67	2	69	97.10144927536231
TATTAACC	65	5	70	92.85714285714286
TATTAACA	99	9	108	91.66666666666666
TAATACCG	165	10	175	94.28571428571428
AAACCGAT	75	1	76	98.68421052631578
TAATACCA	120	8	128	93.75
AGATTGAT	100	6	106	94.33962264150944
TGAACCTG	141	7	148	95.27027027027027
TGAACCTC	51	7	58	87.93103448275862
TGAACCTA	96	5	101	95.04950495049505
TTACTAGA	95	1	96	98.95833333333334
TTACTAGG	140	7	147	95.23809523809523
TGAACCTT	71	3	74	95.94594594594594
GTTCGTGG	307	10	317	96.84542586750788
ATTCCGCC	131	1	132	99.24242424242425
TCGACATG	263	1	264	99.62121212121212
ATTCCGCA	169	5	174	97.12643678160919
GATAAGCT	54	0	54	100.0
AGAGGTCC	57	0	57	100.0
AGAGGTCG	109	1	110	99.0909090909091
GATAAGCC	62	4	66	93.93939393939394
TACCTTTT	84	2	86	97.67441860465115
GCGCTGTA	226	8	234	96.58119658119658
AGAGGTCT	48	6	54	88.88888888888889
TTACCGCT	96	7	103	93.20388349514563
ACACCCTT	99	7	106	93.39622641509435
ACACCCTG	159	10	169	94.0828402366864
TGGGGCAG	220	25	245	89.79591836734694
AACCTCCG	99	3	102	97.05882352941177
AACCTCCC	77	9	86	89.53488372093024
CGTTGGAC	184	6	190	96.84210526315789
CGTTGGAG	154	6	160	96.25
GGCGTGCT	341	13	354	96.32768361581921
AGGGTCCA	122	12	134	91.04477611940298
AGGGTCCC	93	0	93	100.0
TTATTTTC	53	3	56	94.64285714285714
TTATTTTA	63	1	64	98.4375
TTATTTTG	89	4	93	95.6989247311828
TTTCCCTC	123	4	127	96.8503937007874
AGTCATTA	61	8	69	88.40579710144928
AGTCATTG	109	2	111	98.1981981981982
TTTCCCTT	103	8	111	92.7927927927928
CCTAGCCG	253	5	258	98.06201550387597
CCTAGCCA	168	13	181	92.81767955801105
CAGCAGGC	150	4	154	97.40259740259741
CCTAGCCC	140	12	152	92.10526315789474
AGTCAGTA	86	12	98	87.75510204081633
AGTCAGTG	132	8	140	94.28571428571428
CCTAGCCT	121	6	127	95.2755905511811
CGCTGTGC	456	17	473	96.40591966173362
AGTCAGTT	77	2	79	97.46835443037975
CACGGGGT	239	5	244	97.95081967213115
ACCGTACT	152	2	154	98.7012987012987
TATACCAA	97	28	125	77.60000000000001
TATACCAC	79	1	80	98.75
CACGGGGG	228	5	233	97.85407725321889
CACGGGGA	191	8	199	95.97989949748744
ACCGTACG	212	15	227	93.3920704845815
GGGAGTCT	91	7	98	92.85714285714286
TGCTGTCG	384	13	397	96.72544080604534
TGGACAGG	175	3	178	98.31460674157303
TGGACAGC	114	4	118	96.61016949152543
TGGACAGA	158	9	167	94.61077844311377
ATTTGGTT	83	4	87	95.40229885057471
TTAACTTT	28	3	31	90.32258064516128
AGCCTAAT	88	1	89	98.87640449438202
TGGACAGT	152	8	160	95.0
AGCCTTCG	151	6	157	96.17834394904459
ACCGAATA	141	5	146	96.57534246575342
ACCGAATC	80	2	82	97.5609756097561
TTAACTTG	100	5	105	95.23809523809523
ATTTGGTA	118	8	126	93.65079365079364
TTAACTTA	97	8	105	92.38095238095238
AGCCTAAG	128	10	138	92.7536231884058
GTTTGCGG	320	5	325	98.46153846153847
GTTTGCGC	241	18	259	93.05019305019306
GTTTGCGA	245	11	256	95.703125
ACAATCCT	61	4	65	93.84615384615384
GTTTGCGT	227	11	238	95.37815126050421
ACAATCCG	129	7	136	94.85294117647058
ACAATCCA	85	1	86	98.83720930232558
TATGCCAT	252	23	275	91.63636363636364
AAAGTCGA	102	2	104	98.07692307692307
AAAGTCGC	86	0	86	100.0
GTTTCCGG	207	2	209	99.04306220095694
GTCTATTG	172	4	176	97.72727272727273
GTCTATTA	82	1	83	98.79518072289156
GTTGACGG	219	5	224	97.76785714285714
TACGCCGA	175	2	177	98.87005649717514
GTTGACGA	281	10	291	96.56357388316151
TACGCCGG	291	14	305	95.40983606557377
AAACGTGC	119	2	121	98.34710743801654
AAACGTGA	151	9	160	94.375
GCTGATCA	244	20	264	92.42424242424242
ATACAGAG	109	3	112	97.32142857142857
TCCGAAAT	76	3	79	96.20253164556962
GAGCAGAG	169	3	172	98.25581395348837
AAACGTGT	167	0	167	100.0
GCACAGAG	303	8	311	97.42765273311898
GCCAAATT	64	0	64	100.0
GCACAGAC	213	3	216	98.61111111111111
AAAGCTGT	72	0	72	100.0
GCCAAATA	107	3	110	97.27272727272728
GCCAAATC	64	6	70	91.42857142857143
CCATCCAA	207	6	213	97.1830985915493
AAAGCTGC	92	3	95	96.84210526315789
AAAGCTGA	71	4	75	94.66666666666667
AAAGCTGG	113	8	121	93.38842975206612
GCTTAATG	256	11	267	95.88014981273409
AAGCCTAC	132	13	145	91.0344827586207
GGGTCTTA	127	7	134	94.77611940298507
CCCCAGGA	201	17	218	92.20183486238533
GGGTCTTG	165	5	170	97.05882352941177
TCGAAACC	88	5	93	94.6236559139785
TCGCCATC	297	15	312	95.1923076923077
GTTACTGT	169	15	184	91.84782608695652
TACACGAA	145	14	159	91.19496855345912
TGTTGCAA	81	3	84	96.42857142857143
ATAGTCTT	76	6	82	92.6829268292683
GGGTCTTT	140	4	144	97.22222222222221
TACACGAG	163	9	172	94.76744186046511
TCCGAAAA	67	2	69	97.10144927536231
ATTCGGTT	169	10	179	94.41340782122904
AGTGATGT	153	12	165	92.72727272727272
ATTCGGTC	191	16	207	92.27053140096618
CGGCAAGT	219	12	231	94.8051948051948
TCCGAAAG	108	2	110	98.18181818181819
CGGCAAGA	228	18	246	92.6829268292683
TCTATCCC	115	4	119	96.63865546218487
TCATGGCT	189	7	196	96.42857142857143
CTGTTTCG	254	28	282	90.0709219858156
TTCGTCTA	179	13	192	93.22916666666666
CTGTTTCC	146	17	163	89.57055214723927
TGCATCAT	216	12	228	94.73684210526315
ATCTCCCA	169	7	176	96.02272727272727
ATCTCCCC	143	7	150	95.33333333333334
TCATGGCA	315	22	337	93.47181008902076
TGCATCAC	227	19	246	92.27642276422763
TGCATCAA	236	8	244	96.72131147540983
TGCATCAG	274	10	284	96.47887323943662
GAGAGGCA	93	2	95	97.89473684210527
GCAGTTTT	102	0	102	100.0
GGACTCTT	101	6	107	94.39252336448598
TGAGTTGT	158	4	162	97.53086419753086
AATCTGCC	128	7	135	94.81481481481482
GCAGTTTA	207	5	212	97.64150943396226
GCAGTTTG	317	5	322	98.4472049689441
GGACTCTA	155	2	157	98.72611464968153
TGAGTTGC	194	4	198	97.97979797979798
TGAGTTGA	216	7	223	96.8609865470852
CGGTGATG	333	7	340	97.94117647058823
CGGTGATC	205	6	211	97.1563981042654
ACTGCTTT	137	3	140	97.85714285714285
TGTCGGCC	272	14	286	95.1048951048951
TTAAGATG	147	4	151	97.35099337748345
TGTCGGCA	334	22	356	93.82022471910112
TGTCGGCG	273	9	282	96.80851063829788
TTAAGATC	78	2	80	97.5
ACTGCTTG	225	8	233	96.56652360515021
ACTGCTTA	202	5	207	97.58454106280193
GTAACACT	95	1	96	98.95833333333334
GGCAAGTC	153	3	156	98.07692307692307
CAGGCCCT	116	3	119	97.47899159663865
GTAACACC	86	3	89	96.62921348314607
CGACCGCG	288	18	306	94.11764705882352
TGTGCGGG	457	13	470	97.23404255319149
GGTTTCAC	172	9	181	95.02762430939227
GGTTTCAA	139	7	146	95.2054794520548
TGTGCGGC	318	9	327	97.24770642201835
GGTTTCAG	212	10	222	95.4954954954955
TGTGCGGA	397	20	417	95.20383693045564
GGATTAAG	118	5	123	95.9349593495935
GGTTTCAT	157	7	164	95.73170731707317
ACCGGGCC	169	6	175	96.57142857142857
GCCCTGCT	228	17	245	93.06122448979592
GGCTCTTA	184	17	201	91.54228855721394
ACCGGGCT	246	25	271	90.7749077490775
AATGCGTG	312	8	320	97.5
GCCCTGCC	474	44	518	91.5057915057915
GCCCTGCA	388	48	436	88.9908256880734
TCTCTTAC	200	18	218	91.74311926605505
CCGGTCGA	411	57	468	87.82051282051282
AGGCTGTG	319	42	361	88.36565096952909
AGGCTGTA	241	5	246	97.96747967479675
AGGCTGTC	223	1	224	99.55357142857143
TCTCTTAT	175	3	178	98.31460674157303
TCATACTT	95	1	96	98.95833333333334
CTGCCTTG	308	4	312	98.71794871794873
CTGCCTTC	207	7	214	96.72897196261682
TGTTTATT	97	3	100	97.0
CTGCTTCA	228	0	228	100.0
CTCACAAC	171	22	193	88.60103626943005
CTCACAAG	213	18	231	92.20779220779221
CTGCTAAA	218	20	238	91.59663865546219
TGTTTATC	201	20	221	90.9502262443439
CTGCCCTC	339	29	368	92.11956521739131
TGCCATTA	381	34	415	91.80722891566265
TGTTTATG	250	19	269	92.93680297397769
CTGCTAAG	304	19	323	94.11764705882352
AGCAAGCA	148	12	160	92.5
AAGTGTGT	204	28	232	87.93103448275862
CTCACAAT	114	15	129	88.37209302325581
AATCGGTC	154	13	167	92.21556886227546
CGTCCAAT	182	15	197	92.38578680203045
AATCGGTG	322	18	340	94.70588235294117
CTCTCGTC	284	17	301	94.35215946843853
CTCTCGTA	304	17	321	94.70404984423676
CTCTCGTG	475	21	496	95.76612903225806
CGTCCAAG	318	24	342	92.98245614035088
AATCGGTT	205	4	209	98.08612440191388
CTCTCGTT	347	7	354	98.0225988700565
CTCTAGGA	247	1	248	99.59677419354838
CTCTAGGG	174	7	181	96.13259668508287
TACCAGTG	207	16	223	92.82511210762333
TACCAGTC	178	9	187	95.18716577540107
TACCAGTA	180	20	200	90.0
CTCTAGGT	136	20	156	87.17948717948718
AAAGAGCG	55	7	62	88.70967741935483
CATAGACT	81	9	90	90.0
AAAGAGCA	89	12	101	88.11881188118812
ATAGACAA	120	8	128	93.75
CATATGTC	137	16	153	89.54248366013073
CATATGTA	200	17	217	92.16589861751152
CATATGTG	285	14	299	95.31772575250837
GAGATAAT	48	1	49	97.95918367346938
CATAGACA	90	14	104	86.53846153846155
AAAGAGCT	34	0	34	100.0
GTAAGGGC	95	9	104	91.34615384615384
GAGATAAC	60	3	63	95.23809523809523
TTTAGTCG	172	13	185	92.97297297297298
GGTAAGAC	123	8	131	93.89312977099237
ATACCGGT	256	9	265	96.60377358490567
TTTAGTCC	132	10	142	92.95774647887323
GGTAAGAG	114	9	123	92.6829268292683
GACCGCCT	265	15	280	94.64285714285714
TCGGGAAT	128	15	143	89.5104895104895
ATAGACAG	149	17	166	89.7590361445783
GACCGCCG	408	27	435	93.79310344827586
GACCGCCA	338	20	358	94.41340782122904
TCGGGAAG	217	25	242	89.6694214876033
GACCGCCC	245	17	262	93.51145038167938
TCTCTCTA	181	37	218	83.02752293577981
TCTCTCTG	218	38	256	85.15625
ATGGCTCT	211	16	227	92.95154185022027
CTGCTAAC	184	8	192	95.83333333333334
CTCGGCCA	394	28	422	93.36492890995261
CTCGGCCC	279	11	290	96.20689655172414
CTCGGCCG	385	22	407	94.5945945945946
GTCGATGG	351	32	383	91.64490861618799
GTCGATGA	294	24	318	92.45283018867924
ATGGCTCC	216	13	229	94.32314410480349
CTCGGCCT	311	17	328	94.8170731707317
TATGCCTT	213	14	227	93.83259911894272
AGGCTTAT	125	6	131	95.41984732824427
CATGTGGG	327	21	348	93.96551724137932
CATGTGGA	245	19	264	92.8030303030303
CATGTGGC	267	20	287	93.03135888501743
CATGTGGT	291	22	313	92.97124600638978
AGGCTTAG	229	20	249	91.96787148594377
TATGCCTG	319	17	336	94.94047619047619
AGGCTTAA	127	8	135	94.07407407407408
AGGCTTAC	187	8	195	95.8974358974359
TCAACAGA	169	11	180	93.88888888888889
ACCCAAAT	81	2	83	97.59036144578313
ACCCAAAG	115	14	129	89.14728682170544
TCAACAGT	140	16	156	89.74358974358975
TTGATCGC	227	15	242	93.80165289256198
GCAATAAA	79	6	85	92.94117647058823
GATGGCTG	379	32	411	92.21411192214111
TCTCGCAC	308	19	327	94.18960244648318
TCTCGCAG	340	25	365	93.15068493150685
ATCTGTTT	70	0	70	100.0
TCCGGAGA	214	16	230	93.04347826086956
GCAATAAT	106	1	107	99.06542056074767
TCTCGCAT	288	2	290	99.3103448275862
TAACGCCC	130	13	143	90.9090909090909
TAACGCCA	275	22	297	92.5925925925926
AGGGCGTT	222	9	231	96.1038961038961
TAATTTCC	72	3	75	96.0
TAATTTCA	78	0	78	100.0
TAATTTCG	97	2	99	97.97979797979798
AGGGCGTA	222	19	241	92.11618257261411
AGCGTACA	169	13	182	92.85714285714286
AGCGTACG	227	12	239	94.97907949790795
TAACGCCT	129	5	134	96.26865671641791
TAATTTCT	31	1	32	96.875
ATATTTCA	53	5	58	91.37931034482759
CCTTACCG	242	7	249	97.18875502008032
CACGTGGA	264	2	266	99.24812030075188
CACGTGGC	290	2	292	99.31506849315068
CCTTACCT	35	3	38	92.10526315789474
ACCTTACC	105	1	106	99.05660377358491
GCAGTGTA	266	8	274	97.08029197080292
GCAGTGTC	251	14	265	94.71698113207547
TGACAAGT	94	4	98	95.91836734693877
CCTCTTGT	178	14	192	92.70833333333334
ATCTTTCT	64	6	70	91.42857142857143
ACGTAAAG	111	4	115	96.52173913043478
GCAGTGTT	213	13	226	94.24778761061947
ACGTAAAC	88	2	90	97.77777777777777
GAGCGAGC	179	4	183	97.81420765027322
GAGCGAGA	169	7	176	96.02272727272727
TGACAAGG	184	12	196	93.87755102040816
ATCTTTCG	135	4	139	97.12230215827337
TGACAAGA	170	1	171	99.41520467836257
CCTCTTGG	218	11	229	95.19650655021834
GGCAGAGG	152	1	153	99.34640522875817
CCCCCGAG	226	9	235	96.17021276595744
GGCAGAGC	118	5	123	95.9349593495935
GGCAGAGA	138	5	143	96.5034965034965
GTCGGCCT	301	10	311	96.78456591639872
CCATGCCT	111	16	127	87.4015748031496
TTGACCCT	134	0	134	100.0
GGCAGAGT	130	6	136	95.58823529411765
GTTAGGGA	96	7	103	93.20388349514563
GTCGGCCG	399	41	440	90.68181818181819
GTCGGCCA	344	12	356	96.62921348314607
GTCGGCCC	277	7	284	97.53521126760563
TCCATTTG	138	11	149	92.61744966442953
CAGATCGA	159	13	172	92.44186046511628
CAGATCGG	178	6	184	96.73913043478261
TCCATTTA	120	1	121	99.17355371900827
CTTTCCTC	89	4	93	95.6989247311828
TCCATTTT	78	2	80	97.5
CTTTCCTG	163	14	177	92.09039548022598
CGTAAATG	122	1	123	99.1869918699187
CCTGGCCT	342	15	357	95.7983193277311
CCGACTCT	130	11	141	92.19858156028369
AGTCCCAT	182	7	189	96.29629629629629
AACTTTGC	94	8	102	92.15686274509804
TTTACTGG	172	1	173	99.42196531791907
CCCTATTT	86	0	86	100.0
AACTTTGG	112	6	118	94.91525423728814
CTCAGGCT	132	10	142	92.95774647887323
CCGACTCG	242	7	249	97.18875502008032
CACGCGTT	277	12	289	95.8477508650519
CCGACTCA	173	5	178	97.19101123595506
TTTACTGT	118	3	121	97.52066115702479
AACTTTGT	101	5	106	95.28301886792453
CCCTATTG	199	6	205	97.07317073170731
GTAGCCGC	239	6	245	97.55102040816327
GTAGCCGA	204	6	210	97.14285714285714
TTTTCCAA	82	0	82	100.0
GTAGCCGG	226	6	232	97.41379310344827
TGCTCCAA	186	10	196	94.89795918367348
TAGCTCGA	202	5	207	97.58454106280193
TAGCTCGC	191	5	196	97.44897959183673
TTTTCCAT	86	8	94	91.48936170212765
ATCAAGTC	69	0	69	100.0
ATCAAGTG	108	5	113	95.57522123893806
TCAGAAAC	35	5	40	87.5
TCAGAAAA	31	3	34	91.17647058823529
TCAGAAAT	43	4	47	91.48936170212765
ATCAAGTT	64	0	64	100.0
TCCAAACG	39	1	40	97.5
AGGAGCCG	86	3	89	96.62921348314607
CAGACCCT	75	4	79	94.9367088607595
TTACATCA	200	11	211	94.7867298578199
TTACATCG	232	24	256	90.625
GTGAACCA	117	7	124	94.35483870967742
CAGACCCA	87	5	92	94.56521739130434
GTGAACCC	75	7	82	91.46341463414635
CAGACCCG	113	4	117	96.58119658119658
AGGAGCCT	41	1	42	97.61904761904762
CGGTCATC	122	15	137	89.05109489051095
GCTAAATT	43	0	43	100.0
AGAAGGAT	34	0	34	100.0
CGCATTCG	183	1	184	99.45652173913044
CGCATTCC	132	2	134	98.50746268656717
GTATGCAT	121	10	131	92.36641221374046
AGAAGGAC	42	1	43	97.67441860465115
GTGGATTA	125	1	126	99.20634920634922
AGAAGGAA	26	4	30	86.66666666666667
GCTAAATA	73	4	77	94.8051948051948
GCTAAATC	60	2	62	96.7741935483871
CGGTCATT	131	8	139	94.24460431654677
GTATGCAC	110	17	127	86.61417322834646
TAATGTTG	84	10	94	89.36170212765957
TCGGCGCC	151	13	164	92.07317073170732
TCGGCGCA	282	10	292	96.57534246575342
TAATGTTC	56	1	57	98.24561403508771
TAATGTTA	77	8	85	90.58823529411765
GTGTACCA	166	19	185	89.72972972972974
GTGTACCC	141	7	148	95.27027027027027
GTGGAGTG	238	8	246	96.7479674796748
TTCGAACT	65	3	68	95.58823529411765
GTGTACCG	175	10	185	94.5945945945946
AGAAGTCA	59	6	65	90.76923076923077
TAATGTTT	46	9	55	83.63636363636363
TCGGCGCT	164	10	174	94.25287356321839
GGCCCGGA	239	22	261	91.57088122605363
TTCGAACG	98	7	105	93.33333333333333
ACTCGAGT	106	16	122	86.88524590163934
ACAGATAC	84	3	87	96.55172413793103
ACAGATAG	70	9	79	88.60759493670885
ACTCGAGG	164	16	180	91.11111111111111
ACTCGAGA	112	5	117	95.72649572649573
CGCCCTGG	220	9	229	96.06986899563319
ATTATCCG	75	5	80	93.75
CATCAGAT	60	6	66	90.9090909090909
ATTATCCA	52	5	57	91.22807017543859
ATTATCCC	61	4	65	93.84615384615384
CGCCCTGT	213	16	229	93.01310043668121
CATCAGAA	61	5	66	92.42424242424242
CATCAGAC	78	7	85	91.76470588235294
CATCAGAG	93	8	101	92.07920792079209
GCGGGCCC	107	6	113	94.69026548672566
GCGGGCCG	306	27	333	91.8918918918919
GAGCCCGT	144	5	149	96.64429530201343
GCCAACCC	126	1	127	99.21259842519686
CGCTACGT	179	4	183	97.81420765027322
GCCAACCG	171	19	190	90.0
CTAAGAGT	25	4	29	86.20689655172413
GAGCCCGA	123	11	134	91.7910447761194
GCGGGCCT	222	22	244	90.98360655737704
CTAAGAGC	27	1	28	96.42857142857143
CTAAGAGG	51	4	55	92.72727272727272
CGCTACGA	173	12	185	93.51351351351352
CGGCACAC	215	16	231	93.07359307359307
TGCACACG	347	9	356	97.47191011235955
GTCACGCA	190	15	205	92.6829268292683
GTCACGCG	217	9	226	96.01769911504425
TTCTTCAC	75	1	76	98.68421052631578
ATACAGCG	79	7	86	91.86046511627907
TTCTTCAT	68	5	73	93.15068493150685
GTCACGCT	130	17	147	88.43537414965986
CCCGTCCC	191	14	205	93.17073170731707
GAACATGA	76	12	88	86.36363636363636
GGTACGGT	159	15	174	91.37931034482759
CGGTTAAT	73	1	74	98.64864864864865
CGGTTAAA	52	5	57	91.22807017543859
GGTACGGC	149	22	171	87.13450292397661
CCCGTCCT	156	19	175	89.14285714285714
GGTACGGG	202	13	215	93.95348837209302
CGATTGCC	87	15	102	85.29411764705883
TGGGAAGC	205	9	214	95.7943925233645
CCACTTAC	94	16	110	85.45454545454545
CGATTGCG	110	17	127	86.61417322834646
CGCAGGCG	119	6	125	95.19999999999999
CCACTTAG	117	14	131	89.31297709923665
TAATGCAG	115	6	121	95.0413223140496
CAACCTGT	71	8	79	89.87341772151899
GTTACCTT	69	4	73	94.52054794520548
AGGGACTG	71	9	80	88.75
AATTAGTG	128	2	130	98.46153846153847
GCCTCCAT	208	17	225	92.44444444444444
AATTAGTC	48	0	48	100.0
AATTAGTA	46	0	46	100.0
CAACCTGA	86	2	88	97.72727272727273
GGAACTTG	56	1	57	98.24561403508771
CAACCTGC	78	2	80	97.5
GGAACTTA	54	3	57	94.73684210526315
GTTACCTG	57	24	81	70.37037037037037
CAACCTGG	76	16	92	82.6086956521739
AATTAGTT	44	7	51	86.27450980392157
ATAGAACG	65	0	65	100.0
GTTGCAAT	101	1	102	99.01960784313727
CGTGTCGA	218	19	237	91.9831223628692
TAGGCTAT	72	6	78	92.3076923076923
GTGCATGG	169	25	194	87.11340206185567
GTGCATGA	208	17	225	92.44444444444444
GTGCATGC	180	28	208	86.53846153846155
TAGGCTAC	80	3	83	96.3855421686747
GCCGCTCC	166	7	173	95.95375722543352
CGTGTCGT	209	17	226	92.47787610619469
GTGCATGT	190	10	200	95.0
GCTTACAG	124	5	129	96.12403100775194
ATGTGAGA	83	2	85	97.6470588235294
ATGTGAGG	105	3	108	97.22222222222221
CTTAGCTG	244	8	252	96.82539682539682
GTTGCTCT	162	9	171	94.73684210526315
ATGGACAT	89	7	96	92.70833333333334
GTTGCTCG	155	6	161	96.27329192546584
GTTGCTCC	140	1	141	99.29078014184397
GTTGCTCA	124	9	133	93.23308270676691
GAATATGA	66	4	70	94.28571428571428
GAATATGC	62	2	64	96.875
CACCAAGA	81	3	84	96.42857142857143
CACGTGGG	286	0	286	100.0
CACCAAGG	108	3	111	97.2972972972973
TGGCCTCC	114	6	120	95.0
TGAGTGGA	368	11	379	97.0976253298153
TCGCATTC	106	7	113	93.80530973451327
CACCAAGT	68	4	72	94.44444444444444
CGTGCACT	173	15	188	92.02127659574468
CATAGTTT	48	0	48	100.0
CGTGCACG	171	19	190	90.0
CGTGCACA	181	6	187	96.79144385026738
CGTGCACC	168	11	179	93.85474860335195
CATAGTTG	59	5	64	92.1875
GATTCCAA	84	3	87	96.55172413793103
GATTCCAC	57	4	61	93.44262295081968
GATTCCAG	86	6	92	93.47826086956522
TATCGAGT	110	7	117	94.01709401709401
ACTCCCGC	110	5	115	95.65217391304348
ACTCCCGT	107	9	116	92.24137931034483
TAAAAGCT	12	0	12	100.0
CACCATAT	84	6	90	93.33333333333333
TAAAAGCA	30	4	34	88.23529411764706
TAAAAGCG	30	5	35	85.71428571428571
CACCATAA	66	5	71	92.95774647887323
TCGTATCT	75	4	79	94.9367088607595
ACCTGTAC	65	4	69	94.20289855072464
TTAACCGT	78	1	79	98.73417721518987
ACCTGTAA	45	7	52	86.53846153846155
AATTGTTT	39	2	41	95.1219512195122
TTAACCGG	98	3	101	97.02970297029702
TTTCCGAG	114	7	121	94.21487603305785
GGCGAACG	103	1	104	99.03846153846155
CCGTGTCC	141	20	161	87.5776397515528
CGCAGTAA	75	4	79	94.9367088607595
CCGTGCAT	169	17	186	90.86021505376344
GGTTGACG	118	9	127	92.91338582677166
CATCCGGA	150	9	159	94.33962264150944
CATCCGGC	127	12	139	91.36690647482014
GGTTGACC	106	10	116	91.37931034482759
GGTTGACA	137	7	144	95.13888888888889
CATCCGGG	126	9	135	93.33333333333333
CCGTGCAC	151	5	156	96.7948717948718
CCGTGTCT	117	8	125	93.60000000000001
ATACCTCA	65	3	68	95.58823529411765
ATACCTCG	69	1	70	98.57142857142858
CTCTTTCT	52	6	58	89.65517241379311
CCGAAGGC	92	10	102	90.19607843137256
CTCTTTCC	177	7	184	96.19565217391305
TCTCAACA	207	3	210	98.57142857142858
ACCTGAGT	237	2	239	99.16317991631799
TCGCTCTG	413	4	417	99.04076738609112
TCGCTCTC	342	6	348	98.27586206896551
TCGCTCTA	298	3	301	99.00332225913621
AATTGCAC	134	2	136	98.52941176470588
CATTTGAA	120	2	122	98.36065573770492
TTAAGTTT	92	0	92	100.0
TCGCTCTT	296	12	308	96.1038961038961
ACCTGAGA	198	3	201	98.50746268656717
ACCTGAGC	210	9	219	95.8904109589041
CATTTGAT	148	6	154	96.1038961038961
AATTGCAT	132	0	132	100.0
GATCTTGC	221	10	231	95.67099567099568
CCATGTTA	154	6	160	96.25
ATCAGCAC	189	4	193	97.92746113989638
GATCTTGT	235	17	252	93.25396825396825
TCGCACGT	467	18	485	96.28865979381443
CCTCGCAA	345	8	353	97.73371104815864
CCTCGCAC	436	11	447	97.53914988814317
TCATCCGA	250	7	257	97.27626459143968
CGGATTCC	72	4	76	94.73684210526315
TCGCACGG	300	15	315	95.23809523809523
TCGCACGA	230	16	246	93.4959349593496
TCGCACGC	214	9	223	95.96412556053812
TCATCCGG	256	5	261	98.08429118773945
AGGTCAGC	92	4	96	95.83333333333334
CGTAATCC	90	0	90	100.0
GATATCGC	85	1	86	98.83720930232558
ATCTAGGT	86	1	87	98.85057471264368
TCCATAGC	97	1	98	98.9795918367347
TCCATAGA	101	0	101	100.0
TAACATGT	88	1	89	98.87640449438202
TGGCCCAA	170	16	186	91.39784946236558
TGGCCCAC	196	8	204	96.07843137254902
AGGTCAGT	104	2	106	98.11320754716981
TGGCCCAG	205	8	213	96.24413145539906
ATCTAGGG	111	2	113	98.23008849557522
TAACATGA	142	2	144	98.61111111111111
TCCATAGT	106	9	115	92.17391304347827
ATCTAGGC	74	3	77	96.1038961038961
TTCGTGAC	122	10	132	92.42424242424242
TCACACGT	170	4	174	97.70114942528735
TGCATGTT	137	8	145	94.48275862068965
TTCGTGAG	156	6	162	96.29629629629629
AGTCGAGT	86	6	92	93.47826086956522
TCAACTAC	79	4	83	95.18072289156626
TCAACTAA	76	1	77	98.7012987012987
CCATTTGC	100	2	102	98.0392156862745
GATGCTCC	112	3	115	97.3913043478261
TCACACGG	242	4	246	98.3739837398374
GATGCTCA	156	9	165	94.54545454545455
TGCATGTC	124	11	135	91.85185185185185
TTCGTGAT	108	5	113	95.57522123893806
TAATCATG	78	4	82	95.1219512195122
TAATCATC	62	0	62	100.0
CTACCAGA	114	1	115	99.1304347826087
CTGTGTGC	221	4	225	98.22222222222223
TCACTCTA	104	1	105	99.04761904761905
GCGATTGG	225	9	234	96.15384615384616
TGCATTTA	76	5	81	93.82716049382715
GCGATTGC	153	6	159	96.22641509433963
TTGCTACC	99	4	103	96.11650485436894
TTGCTACA	158	9	167	94.61077844311377
TCACTCTT	102	9	111	91.8918918918919
TCAACCTC	100	3	103	97.0873786407767
TTGCTACT	82	4	86	95.34883720930233
ATACGAAG	75	5	80	93.75
TCAACCTG	108	5	113	95.57522123893806
ATACGAAA	42	3	45	93.33333333333333
TGCATTTT	68	3	71	95.77464788732394
TGAAGATA	44	5	49	89.79591836734694
TGAAGATC	53	1	54	98.14814814814815
AAGAACGA	30	2	32	93.75
CACGTTCA	102	3	105	97.14285714285714
GTCTACGT	161	6	167	96.40718562874252
TGAAGATT	27	0	27	100.0
GTCTACGA	196	3	199	98.49246231155779
GTCTACGC	218	3	221	98.64253393665159
GTCTACGG	206	1	207	99.51690821256038
CGCAGATG	132	2	134	98.50746268656717
CGCAGATC	111	3	114	97.36842105263158
CGGATGAT	76	5	81	93.82716049382715
GTGAGATA	93	5	98	94.89795918367348
GTGGGTAC	135	1	136	99.26470588235294
CGGATGAC	113	6	119	94.9579831932773
CGGATGAA	110	0	110	100.0
CGGATGAG	148	3	151	98.01324503311258
GTGAGATT	47	1	48	97.91666666666666
GAGACCCG	92	1	93	98.9247311827957
GAGACCCC	85	1	86	98.83720930232558
TAAGCGAA	116	3	119	97.47899159663865
TAAGCGAC	67	0	67	100.0
TAAGCGAG	127	1	128	99.21875
GCCGGGCC	278	3	281	98.93238434163702
GCCGGGCA	272	0	272	100.0
GAGACCCT	80	0	80	100.0
GGATCAGT	110	2	112	98.21428571428571
TGACACTT	86	0	86	100.0
CGCTGGGG	343	19	362	94.7513812154696
GGTTCCCC	164	13	177	92.65536723163842
TGACACTG	195	6	201	97.01492537313433
CTAGCAGC	133	3	136	97.79411764705883
TGACACTC	166	12	178	93.25842696629213
TACCCGCA	181	9	190	95.26315789473684
TGACACTA	143	6	149	95.9731543624161
CTAGCAGG	157	4	161	97.51552795031056
GGTTCCCT	127	16	143	88.81118881118881
ACCGCCTA	145	10	155	93.54838709677419
CGATAATG	167	2	169	98.81656804733728
ACGTAATG	84	2	86	97.67441860465115
GTGCGCGT	609	31	640	95.15625
GCACGGAG	262	16	278	94.24460431654677
GCACGGAC	235	13	248	94.75806451612904
GCACGGAA	218	10	228	95.6140350877193
AGCGAATA	97	1	98	98.9795918367347
ACCTCGGA	228	2	230	99.1304347826087
CGATACCA	57	3	60	95.0
CGTAAATC	61	0	61	100.0
CGATACCG	34	0	34	100.0
AGCGAATT	22	4	26	84.61538461538461
CGTGGGAA	37	1	38	97.36842105263158
CGTGGGAC	41	2	43	95.34883720930233
TCATAGGA	40	6	46	86.95652173913044
TCATAGGC	31	1	32	96.875
CGCTTCCT	58	1	59	98.30508474576271
CGTGGGAT	44	0	44	100.0
TCATAGGT	39	1	40	97.5
AGCGGAAT	50	0	50	100.0
CCGCTAGT	62	0	62	100.0
GTAAACCT	31	0	31	100.0
GCCCTCTT	73	5	78	93.58974358974359
GGTACTCC	32	3	35	91.42857142857143
GCCCTCTC	57	5	62	91.93548387096774
GCCCTCTA	61	6	67	91.04477611940298
CCGCTAGC	57	7	64	89.0625
GCCCTCTG	58	8	66	87.87878787878788
GTAAACCG	33	1	34	97.05882352941177
AGCGGAAC	37	6	43	86.04651162790698
CCGCTAGG	53	12	65	81.53846153846153
GGCATTAA	38	6	44	86.36363636363636
GGCATTAG	63	5	68	92.64705882352942
GGTACTCT	30	2	32	93.75
TGTTCTCG	71	2	73	97.26027397260275
GCGTACAA	55	1	56	98.21428571428571
GCGTACAC	61	12	73	83.56164383561644
TGTTCTCC	40	4	44	90.9090909090909
CTCTCATA	38	6	44	86.36363636363636
ATAAAAGT	8	0	8	100.0
GCGTACAG	77	7	84	91.66666666666666
GGATCTAG	28	5	33	84.84848484848484
ATCCATAT	19	3	22	86.36363636363636
GTGTGTGG	66	7	73	90.41095890410958
GGATCTAC	33	1	34	97.05882352941177
GTGTGTGA	87	5	92	94.56521739130434
GGATCTAA	23	3	26	88.46153846153845
GTGTGTGC	57	9	66	86.36363636363636
CTCTCATT	23	6	29	79.3103448275862
ACTTTAAA	37	1	38	97.36842105263158
GCGTACAT	57	6	63	90.47619047619048
GTGTGTGT	61	10	71	85.91549295774648
TACAAGTC	34	1	35	97.14285714285714
GGATCTAT	32	5	37	86.48648648648648
ATCCATAA	35	1	36	97.22222222222221
ATCCATAC	32	3	35	91.42857142857143
CGCACCCG	72	15	87	82.75862068965517
CGCACCCA	67	9	76	88.1578947368421
CGCACCCC	51	7	58	87.93103448275862
CCCAAGCT	27	2	29	93.10344827586206
TGTCATCC	73	8	81	90.12345679012346
CGCACCCT	50	13	63	79.36507936507937
CCCAAGCA	63	2	65	96.92307692307692
TGTAGTAC	36	9	45	80.0
CGCATTAA	214	7	221	96.83257918552036
TGTAGTAG	34	5	39	87.17948717948718
CTTGGGGT	79	0	79	100.0
CACCGTTA	84	4	88	95.45454545454545
TGTAGTAT	29	0	29	100.0
TGTAGACC	122	1	123	99.1869918699187
CTTGGGGA	34	6	40	85.0
CTTGGGGC	64	3	67	95.52238805970148
CACCGTTT	63	3	66	95.45454545454545
GGGCAGCT	84	6	90	93.33333333333333
AGATCAGT	74	3	77	96.1038961038961
TATCGTGC	117	9	126	92.85714285714286
GAGTAAGT	65	4	69	94.20289855072464
AGATCAGG	70	1	71	98.59154929577466
TATCGTGT	133	13	146	91.0958904109589
AGATCAGC	73	7	80	91.25
AGATCAGA	79	1	80	98.75
GAGTAAGC	43	0	43	100.0
GCCGCATC	191	6	197	96.95431472081218
CTAAAAAT	12	0	12	100.0
CGAAATAG	48	0	48	100.0
GGGTGGTT	127	3	130	97.6923076923077
GGTGCTAT	115	7	122	94.26229508196722
CGAAATAT	31	1	32	96.875
CTAAAAAA	8	0	8	100.0
GGTGCTAG	149	4	153	97.38562091503267
GGGTGGTG	190	9	199	95.47738693467338
GGTGCTAC	161	3	164	98.17073170731707
GGGTGGTC	164	6	170	96.47058823529412
CTAAATGA	54	2	56	96.42857142857143
TCAAATCT	32	3	35	91.42857142857143
GGTGCGCA	173	8	181	95.58011049723757
AAGGATCT	43	3	46	93.47826086956522
CGGCTCGT	185	7	192	96.35416666666666
GAGAATAG	40	4	44	90.9090909090909
CTAAATGT	38	3	41	92.6829268292683
CGGCTCGC	161	13	174	92.52873563218391
GGTGCGCT	143	8	151	94.70198675496688
CCGTTATG	121	7	128	94.53125
TTACCTAG	102	10	112	91.07142857142857
CCGTTATA	72	2	74	97.2972972972973
AGACCATT	46	2	48	95.83333333333334
GCCTTGGT	150	2	152	98.68421052631578
CCGTTATT	73	6	79	92.40506329113924
GCCTTTAG	100	4	104	96.15384615384616
GCCTTTAA	89	1	90	98.88888888888889
TTACCTAT	68	1	69	98.55072463768117
GCCTTGGA	114	7	121	94.21487603305785
AGACCATA	55	3	58	94.82758620689656
GCCTTGGC	149	12	161	92.54658385093167
AGACCATC	59	6	65	90.76923076923077
GCCTTGGG	132	4	136	97.05882352941177
GTAATCTT	46	3	49	93.87755102040816
AGAGAACC	19	0	19	100.0
TATGCGGT	113	4	117	96.58119658119658
AGAGAACA	34	2	36	94.44444444444444
CTCCTAGT	108	3	111	97.2972972972973
GGATGGGC	125	6	131	95.41984732824427
GGATGGGA	129	4	133	96.99248120300751
TATGCGGA	135	4	139	97.12230215827337
TATGCGGC	95	18	113	84.070796460177
GTAATCTG	61	3	64	95.3125
GTAATCTA	35	5	40	87.5
TATGCGGG	142	10	152	93.42105263157895
GGATGGGT	138	5	143	96.5034965034965
GTTCCTAT	62	10	72	86.11111111111111
CCACCTGG	117	9	126	92.85714285714286
GGACCACT	79	6	85	92.94117647058823
CCACCTGC	137	11	148	92.56756756756756
AAGTTAAG	48	1	49	97.95918367346938
AAGTTAAA	23	1	24	95.83333333333334
GTTCCGGT	108	12	120	90.0
AAGTTAAC	51	3	54	94.44444444444444
GGACCACG	132	3	135	97.77777777777777
GTTCCTAG	82	5	87	94.25287356321839
GGACCACC	102	1	103	99.02912621359224
GTTCCTAA	78	4	82	95.1219512195122
GGACCACA	113	8	121	93.38842975206612
GTTCCGGA	137	4	141	97.16312056737588
AAGTTAAT	24	0	24	100.0
GTTCCGGC	133	4	137	97.08029197080292
CAACCGCT	76	5	81	93.82716049382715
CCGGGCGC	189	12	201	94.02985074626866
TTACCCCT	118	5	123	95.9349593495935
CCGGGCGG	296	5	301	98.33887043189368
GTAAGCTA	126	2	128	98.4375
GTAAGCTC	93	1	94	98.93617021276596
CTTTTATG	133	3	136	97.79411764705883
CTTTTATA	64	2	66	96.96969696969697
GTAAGCTG	125	4	129	96.89922480620154
TTACCCCG	134	3	137	97.8102189781022
TCTTAAGA	61	2	63	96.82539682539682
TTACCCCC	95	1	96	98.95833333333334
TTACCCCA	144	1	145	99.3103448275862
CCGGGCGT	154	1	155	99.35483870967742
GTAAGCTT	55	2	57	96.49122807017544
CCGAACAT	88	0	88	100.0
CAAGCCTG	139	5	144	96.52777777777779
TCCCCCCC	85	8	93	91.39784946236558
CCGAACAG	141	4	145	97.24137931034483
TCCCCCCA	187	3	190	98.42105263157895
AGTGGGTT	121	3	124	97.58064516129032
AAAGGGGT	35	0	35	100.0
AGTGGGTA	150	6	156	96.15384615384616
AGTGGGTC	128	8	136	94.11764705882352
AAAGGGGA	51	4	55	92.72727272727272
AAAGGGGC	48	1	49	97.95918367346938
AGATGATG	107	2	109	98.1651376146789
AGATGATC	84	2	86	97.67441860465115
AGATGATA	64	6	70	91.42857142857143
TGCGCAAT	176	1	177	99.43502824858757
TATGCTAG	160	9	169	94.67455621301775
CGTATGTA	150	3	153	98.0392156862745
CGTATGTC	131	6	137	95.62043795620438
AATACTGG	95	1	96	98.95833333333334
AGATGATT	50	2	52	96.15384615384616
AATACTGC	75	4	79	94.9367088607595
CGTATGTT	124	3	127	97.63779527559055
TGCGCAAC	184	9	193	95.33678756476684
CATGGAGG	127	6	133	95.48872180451127
CGAGGTTC	104	0	104	100.0
GTGTCGGT	248	17	265	93.58490566037736
GTGTCGGG	277	11	288	96.18055555555556
AGCCACTG	215	12	227	94.7136563876652
AGCCACTC	120	9	129	93.02325581395348
AGCCACTA	125	2	127	98.4251968503937
CCCGCCAG	154	8	162	95.06172839506173
GGGAGCTG	156	16	172	90.69767441860465
GGGAGCTA	129	3	132	97.72727272727273
CAAACGGG	117	8	125	93.60000000000001
CAAACGGA	98	3	101	97.02970297029702
GGGAGCTT	100	10	110	90.9090909090909
CCCGCCAT	197	8	205	96.09756097560975
CAAACGGT	68	3	71	95.77464788732394
GTTCGAGC	154	6	160	96.25
GTTCGAGA	147	10	157	93.63057324840764
AAGGGGGT	64	3	67	95.52238805970148
CGTTTATC	85	2	87	97.70114942528735
CTTGTTTT	91	3	94	96.80851063829788
AAGGGGGG	81	4	85	95.29411764705881
CTTGTTTC	108	5	113	95.57522123893806
CGTTTATT	71	4	75	94.66666666666667
AAGGGGGC	54	0	54	100.0
AAGGGGGA	86	2	88	97.72727272727273
CGGGCTCT	152	5	157	96.81528662420382
TAAGAGGA	62	2	64	96.875
TAAGAGGC	50	1	51	98.0392156862745
TAAGAGGG	78	0	78	100.0
CGGGCTCG	204	1	205	99.51219512195122
CGGGCTCC	175	1	176	99.43181818181817
GCTCCTAG	162	3	165	98.18181818181819
TAAGAGGT	41	0	41	100.0
GCTCCTAA	141	6	147	95.91836734693877
CATCCTCT	79	2	81	97.53086419753086
ATTACCAT	54	0	54	100.0
CAATAATA	20	1	21	95.23809523809523
GTTGATAG	129	6	135	95.55555555555556
GTTGATAC	91	0	91	100.0
CAATAATG	21	1	22	95.45454545454545
GTTGATAA	110	8	118	93.22033898305084
ATTACCAG	104	3	107	97.19626168224299
TATGGAGC	91	5	96	94.79166666666666
ATTACCAA	62	0	62	100.0
GTTGATAT	88	5	93	94.6236559139785
CAATAATT	14	0	14	100.0
GTCAACTG	128	3	131	97.70992366412213
GTATGGTT	126	12	138	91.30434782608695
TATCCGCT	94	6	100	94.0
CAGGCGCG	252	14	266	94.73684210526315
TATCCGCA	157	11	168	93.45238095238095
GTATGGTA	162	6	168	96.42857142857143
GTATGGTC	171	9	180	95.0
TATCCGCG	174	3	177	98.30508474576271
TTAGGAGT	88	0	88	100.0
GGGGGAGG	133	5	138	96.37681159420289
GGTTATCT	108	3	111	97.2972972972973
GGGGGAGC	113	0	113	100.0
TTAGGAGC	70	0	70	100.0
GGGGGAGT	167	1	168	99.40476190476191
GGTGCTTA	159	7	166	95.78313253012048
TTACGACG	164	4	168	97.61904761904762
GATTATAT	46	1	47	97.87234042553192
TTACGACC	134	2	136	98.52941176470588
TTCCACCT	148	3	151	98.01324503311258
TCGGACTA	254	7	261	97.31800766283524
GATTAACA	136	4	140	97.14285714285714
TTCCACCC	191	2	193	98.96373056994818
GATTATAA	73	2	75	97.33333333333334
TTCCACCA	258	4	262	98.47328244274809
GATTATAC	101	4	105	96.19047619047619
TTCCACCG	250	13	263	95.05703422053232
GATTATAG	131	1	132	99.24242424242425
GACGCGCA	426	5	431	98.83990719257541
CTTATAAC	66	0	66	100.0
GACGCGCC	288	1	289	99.65397923875432
CTTATAAA	53	0	53	100.0
TCCCTTTT	168	6	174	96.55172413793103
ACCCTGTG	285	2	287	99.30313588850174
ACCCTGTA	204	8	212	96.22641509433963
ACCCTGTC	207	4	211	98.10426540284361
GAACCGAA	122	2	124	98.38709677419355
GAACCGAC	133	3	136	97.79411764705883
AGTTGAAT	62	2	64	96.875
AGTTGAAC	94	1	95	98.94736842105263
AGTTGAAA	67	1	68	98.52941176470588
AGTGTGTG	308	5	313	98.40255591054313
ACATTCTG	180	8	188	95.74468085106383
ACATTCTA	109	5	114	95.6140350877193
ACATTCTC	134	6	140	95.71428571428572
AGTGACCC	158	4	162	97.53086419753086
AGAAGCTC	48	2	50	96.0
AGAAGCTG	79	2	81	97.53086419753086
TCGACAGA	220	4	224	98.21428571428571
AGAAGCTT	34	0	34	100.0
TCGACAGG	309	13	322	95.96273291925466
CTCCGACC	219	2	221	99.09502262443439
CTCCGACA	215	13	228	94.2982456140351
GAATCGCT	123	5	128	96.09375
CTCCGACG	245	20	265	92.45283018867924
CCACACTG	358	14	372	96.23655913978494
CCACACTC	169	18	187	90.37433155080214
CCACACTA	218	10	228	95.6140350877193
GAATCGCA	239	11	250	95.6
CTCCGACT	201	9	210	95.71428571428572
GGGGGGTC	71	6	77	92.20779220779221
CCACACTT	188	4	192	97.91666666666666
TGCCGTTT	109	2	111	98.1981981981982
TCTAATTT	63	2	65	96.92307692307692
GATATCTA	98	8	106	92.45283018867924
CGACTCAT	188	10	198	94.94949494949495
GGTGCGTG	356	27	383	92.95039164490862
CTGTGAAA	87	10	97	89.69072164948454
TTAGCTTA	123	5	128	96.09375
TTAGCTTC	93	3	96	96.875
GTCCCACC	126	8	134	94.02985074626866
TCTAATTG	64	5	69	92.7536231884058
CGACTCAA	122	6	128	95.3125
CCATTCTG	89	3	92	96.73913043478261
GATATCTT	60	0	60	100.0
TCCTAGCC	119	0	119	100.0
TTAGCTTT	88	0	88	100.0
TCCTAGCG	112	0	112	100.0
CGGGTTAC	132	1	133	99.24812030075188
ACTATCAT	66	3	69	95.65217391304348
CGGGTTAA	136	1	137	99.27007299270073
ACTATCAG	121	6	127	95.2755905511811
GCCATTCT	142	4	146	97.26027397260275
ACTATCAA	95	6	101	94.05940594059405
ACTATCAC	103	6	109	94.4954128440367
GGTAGTGA	101	2	103	98.05825242718447
GAAGACTG	118	4	122	96.72131147540983
CCTGCACT	195	12	207	94.20289855072464
TAGCAATC	90	3	93	96.7741935483871
CGAGCATG	185	8	193	95.85492227979275
GCGCCGAG	266	8	274	97.08029197080292
ATTCACGA	129	7	136	94.85294117647058
CGAGCATC	152	0	152	100.0
ATTCACGC	170	4	174	97.70114942528735
GAAGACTT	50	0	50	100.0
CCTGCACA	197	6	203	97.04433497536947
CCTGCACC	141	7	148	95.27027027027027
CACATCTT	72	0	72	100.0
AGCTACGA	114	3	117	97.43589743589743
AGCTACGG	146	4	150	97.33333333333334
CTATCGAT	52	1	53	98.11320754716981
CCATACCC	125	2	127	98.4251968503937
TTTTAGAT	35	0	35	100.0
CCTGCTCC	97	5	102	95.09803921568627
TTTTAGAG	53	4	57	92.98245614035088
TTTTAGAC	49	1	50	98.0
TTTTAGAA	43	2	45	95.55555555555556
GCGACCGG	215	4	219	98.17351598173516
GCGACCGA	214	9	223	95.96412556053812
GGCGCTAT	118	6	124	95.16129032258065
GATGTCCA	156	8	164	95.1219512195122
GATGTCCC	136	9	145	93.79310344827586
GATGTCCG	149	10	159	93.71069182389937
AAATATCG	62	4	66	93.93939393939394
GGCGCTAC	154	8	162	95.06172839506173
GGCGCTAA	117	5	122	95.90163934426229
AAATATCC	34	0	34	100.0
AAGGCCTG	79	3	82	96.34146341463415
GATGTCCT	125	11	136	91.91176470588235
TACGATTC	70	4	74	94.5945945945946
TACGATTG	124	4	128	96.875
CTGTACAC	70	5	75	93.33333333333333
ATTGATAT	58	1	59	98.30508474576271
AACGGATA	72	5	77	93.5064935064935
AACGGATG	143	6	149	95.9731543624161
ATTGATAA	41	3	44	93.18181818181817
ATTGATAC	55	2	57	96.49122807017544
ATTGATAG	89	1	90	98.88888888888889
AAAAACAG	21	0	21	100.0
AAAAACAC	8	0	8	100.0
AAAAACAA	21	0	21	100.0
ACTCCGTA	135	4	139	97.12230215827337
TCCCTAAG	71	3	74	95.94594594594594
ACTCCGTC	157	12	169	92.89940828402366
ACAGTCCG	155	5	160	96.875
CTGAAGGG	65	1	66	98.48484848484848
CTGAAGGA	61	5	66	92.42424242424242
CTGAAGGC	61	3	64	95.3125
AAGACTCG	73	4	77	94.8051948051948
GAAACCGA	43	4	47	91.48936170212765
AAGACTCC	37	4	41	90.2439024390244
GAAACCGC	48	3	51	94.11764705882352
GGCACTGG	71	1	72	98.61111111111111
GAGGCGCG	235	6	241	97.5103734439834
AAGCGGCT	92	4	96	95.83333333333334
GAGGCGCA	187	7	194	96.3917525773196
GAGGCGCC	79	2	81	97.53086419753086
AAGCGGCG	174	11	185	94.05405405405406
GAGGCGCT	92	1	93	98.9247311827957
GGCACTGT	35	3	38	92.10526315789474
AAGCGGCC	105	2	107	98.13084112149532
AAGCGGCA	175	13	188	93.08510638297872
CCTGGGCT	147	2	149	98.65771812080537
AATGAAAA	30	2	32	93.75
GCAGCGCC	303	3	306	99.01960784313727
CCTGGTAT	286	3	289	98.96193771626297
AATGAAAT	15	0	15	100.0
ACGCGACA	471	8	479	98.32985386221294
TCTACTGA	287	4	291	98.62542955326461
CCTGGGCC	319	7	326	97.85276073619632
GCAGCGCT	295	4	299	98.66220735785953
CCTGGTAA	301	3	304	99.01315789473685
ACGCGTAC	448	15	463	96.76025917926566
TCAATAGA	158	0	158	100.0
TCAATAGC	131	4	135	97.03703703703704
ACGCGTAG	429	4	433	99.07621247113164
GCACTGCT	334	11	345	96.81159420289856
GCACCATC	369	10	379	97.36147757255937
CCAACTAT	181	5	186	97.31182795698925
GAGCTGCC	327	8	335	97.61194029850746
ATAGCCCA	242	8	250	96.8
GAGCTGCG	479	14	493	97.16024340770791
GCACTGCA	498	19	517	96.32495164410058
GCACTGCC	599	15	614	97.55700325732899
GCACTGCG	746	21	767	97.26205997392438
ATAGCCCT	160	3	163	98.15950920245399
ACTGTTAA	230	7	237	97.0464135021097
ACTGTTAC	253	21	274	92.33576642335767
CCAACTAC	201	10	211	95.260663507109
GCACCATT	345	29	374	92.24598930481284
ACTGTTAG	284	2	286	99.3006993006993
TGTCCACT	155	7	162	95.67901234567901
TGGTTTTC	234	6	240	97.5
TGGTTTTA	192	10	202	95.04950495049505
TGGTTTTG	282	20	302	93.37748344370861
AAAATACA	57	1	58	98.27586206896551
AAAATACC	37	1	38	97.36842105263158
AAAATACG	63	2	65	96.92307692307692
TGGTTTTT	150	2	152	98.68421052631578
GTCTTTGA	218	7	225	96.88888888888889
TCAAATAA	97	1	98	98.9795918367347
TCAAATAC	111	6	117	94.87179487179486
ATAACTCG	178	15	193	92.2279792746114
ACTTAGCG	284	15	299	94.98327759197325
ACTTAGCA	315	8	323	97.52321981424149
TCAAATAT	77	2	79	97.46835443037975
ACTTAGCC	196	9	205	95.60975609756098
GGGGTGGG	405	18	423	95.74468085106383
GGGGTGGC	454	27	481	94.38669438669439
GGGGTGGA	386	7	393	98.21882951653944
TCCGATTC	223	17	240	92.91666666666667
TCCGATTA	288	9	297	96.96969696969697
TCCGATTG	367	17	384	95.57291666666666
GTAGATTA	237	10	247	95.95141700404858
TCTCCTTA	146	12	158	92.40506329113924
GTAGATTT	94	3	97	96.90721649484536
TCCGATTT	185	13	198	93.43434343434343
AAACCCCC	121	2	123	98.3739837398374
AAACCCCG	142	6	148	95.94594594594594
ATAGGCTT	155	2	157	98.72611464968153
AAACCCCT	94	3	97	96.90721649484536
ATAGGCTG	288	7	295	97.6271186440678
ATAGGCTA	241	7	248	97.17741935483872
ATAGGCTC	173	9	182	95.05494505494505
CGTTCAGC	153	27	180	85.0
ACTGGCGA	399	20	419	95.22673031026252
ACTGGCGC	376	20	396	94.94949494949495
GGGCTTTT	235	6	241	97.5103734439834
ATACTACT	109	4	113	96.46017699115043
CAGATTGT	131	19	150	87.33333333333333
GCTCACCC	273	20	293	93.1740614334471
ACTGGCGT	212	37	249	85.14056224899599
CAGATTGA	124	15	139	89.20863309352518
ACCAGTCT	102	5	107	95.32710280373831
ACGGCTAT	176	34	210	83.80952380952381
ATACTACA	143	0	143	100.0
GGGCTTTC	162	2	164	98.78048780487805
TAAGATCC	55	0	55	100.0
TAAGATCA	160	0	160	100.0
GCTGCTTG	226	6	232	97.41379310344827
TAAGATCG	93	3	96	96.875
AGAAGTTA	61	0	61	100.0
GCTGCTTC	232	5	237	97.8902953586498
GCTGCTTT	210	27	237	88.60759493670885
GACTGGGC	189	45	234	80.76923076923077
GACTGGGA	112	87	199	56.28140703517588
GACTGGGG	107	83	190	56.315789473684205
GTGGATGC	89	3	92	96.73913043478261
TCCGCTTA	188	20	208	90.38461538461539
TCCGCTTC	214	23	237	90.29535864978902
AATATTAG	78	5	83	93.97590361445783
AATATTAC	39	5	44	88.63636363636364
TCCGCTTT	151	40	191	79.05759162303664
AGCTTGCG	163	18	181	90.05524861878453
GGCTTCCG	274	36	310	88.38709677419355
AGCTTGCC	156	27	183	85.24590163934425
AGCTTGCA	187	10	197	94.9238578680203
GGCTTCCT	176	32	208	84.61538461538461
ACTTCTCC	126	15	141	89.36170212765957
ACACCTGT	192	27	219	87.67123287671232
AGGAATCC	51	15	66	77.27272727272727
ACACCTGC	134	25	159	84.27672955974843
AGGAATCG	107	25	132	81.06060606060606
ACACCTGG	108	8	116	93.10344827586206
CCTAGGAG	59	0	59	100.0
CCTAGGAC	60	1	61	98.36065573770492
CCTAGGAA	60	1	61	98.36065573770492
GGATATTT	25	0	25	100.0
GACCCCTG	73	4	77	94.8051948051948
GACCCCTA	81	7	88	92.04545454545455
GACCCCTC	102	1	103	99.02912621359224
ACCAAATG	60	0	60	100.0
CGACGGTT	94	0	94	100.0
ACCAAATC	22	0	22	100.0
ACCAAATA	32	1	33	96.96969696969697
GACCCCTT	64	2	66	96.96969696969697
GGATATTG	86	3	89	96.62921348314607
GGATATTC	44	1	45	97.77777777777777
GAAAACAT	16	0	16	100.0
CTACCTTT	57	4	61	93.44262295081968
GACCCTAT	66	4	70	94.28571428571428
CACAGCTT	79	2	81	97.53086419753086
GAAAACAG	29	1	30	96.66666666666667
GTGCGGTA	194	1	195	99.48717948717949
GTGCGGTC	122	8	130	93.84615384615384
CTACCTTG	76	5	81	93.82716049382715
CACAGCTA	69	5	74	93.24324324324324
GACCCTAC	66	5	71	92.95774647887323
GGTTAATA	75	2	77	97.40259740259741
GGTTAATC	85	1	86	98.83720930232558
TCCGCCAT	71	11	82	86.58536585365853
TCATCATC	90	1	91	98.9010989010989
GGTTAATT	53	2	55	96.36363636363636
TCCGCCAG	92	10	102	90.19607843137256
TCCGCCAA	129	11	140	92.14285714285714
GGTCGAAT	80	1	81	98.76543209876543
TGATGCCC	74	1	75	98.66666666666667
TGATGCCA	120	2	122	98.36065573770492
GGCTAAAG	58	0	58	100.0
CATGGGGC	72	2	74	97.2972972972973
GGCTAAAC	74	0	74	100.0
GGCTAAAA	40	1	41	97.5609756097561
GGTCGAAG	100	5	105	95.23809523809523
GGTCGAAC	90	3	93	96.7741935483871
GGTCGAAA	69	4	73	94.52054794520548
CATGGGGT	81	5	86	94.18604651162791
CTCAGCTG	108	0	108	100.0
CGTCGCCC	152	6	158	96.20253164556962
CATCTATT	45	2	47	95.74468085106383
CGTCGCCA	139	2	141	98.58156028368793
CTCAGCTC	63	0	63	100.0
GCCAGTCT	69	5	74	93.24324324324324
CATCTATG	97	7	104	93.26923076923077
TGAAGTCC	38	0	38	100.0
GCCAGTCA	114	7	121	94.21487603305785
CATCTATC	41	3	44	93.18181818181817
TGAAGTCG	87	2	89	97.75280898876404
CATCTATA	45	0	45	100.0
TGCCTTCT	99	7	106	93.39622641509435
GGCAACTG	79	0	79	100.0
GGCAACTC	77	5	82	93.90243902439023
CTGGGCGA	132	2	134	98.50746268656717
CAAGTCAT	43	0	43	100.0
CTGGGCGG	138	3	141	97.87234042553192
GGTGACTA	73	4	77	94.8051948051948
GGCAACTT	43	4	47	91.48936170212765
TGCCTTCA	73	1	74	98.64864864864865
TGCCTTCC	105	2	107	98.13084112149532
ACCGCGGT	99	2	101	98.01980198019803
ATGGTTCT	72	0	72	100.0
ACCGCGGA	135	1	136	99.26470588235294
ACCGCGGC	127	0	127	100.0
ACCGCGGG	96	2	98	97.95918367346938
ATGGTTCC	56	2	58	96.55172413793103
ACGCTAGC	52	0	52	100.0
AGCCCTGT	72	4	76	94.73684210526315
ACGCTAGA	90	1	91	98.9010989010989
ACGCTAGG	101	1	102	99.01960784313727
AATAATAT	17	2	19	89.47368421052632
ACAATGAT	59	1	60	98.33333333333333
TGACAGAG	76	8	84	90.47619047619048
GTTTGGAT	86	1	87	98.85057471264368
AGCCCTGG	73	4	77	94.8051948051948
AATAATAA	31	0	31	100.0
AATAATAG	37	0	37	100.0
AGCCCTGC	90	5	95	94.73684210526315
ACGCTAGT	84	1	85	98.82352941176471
TGACAGAT	61	0	61	100.0
GTTTGGAA	46	3	49	93.87755102040816
ACAATGAA	25	3	28	89.28571428571429
TTTGAATT	18	0	18	100.0
TTTGAATG	62	2	64	96.875
TTTGAATA	50	1	51	98.0392156862745
TTTGAATC	40	2	42	95.23809523809523
ATATTAGA	43	2	45	95.55555555555556
CCACTCCC	64	6	70	91.42857142857143
ATATTAGG	57	2	59	96.61016949152543
AACGAGCT	33	4	37	89.1891891891892
CCCCAATA	75	1	76	98.68421052631578
CCCCAATG	65	4	69	94.20289855072464
GCCCCGCC	113	27	140	80.71428571428572
ATATTAGT	59	3	62	95.16129032258065
AACGAGCG	55	7	62	88.70967741935483
AACGAGCA	75	3	78	96.15384615384616
AGAGCTAT	50	2	52	96.15384615384616
GATGAAAT	18	2	20	90.0
GATGAAAC	41	0	41	100.0
GATGAAAA	22	2	24	91.66666666666666
GATGAAAG	49	1	50	98.0
TTGAAGGG	59	3	62	95.16129032258065
TTGAAGGC	56	6	62	90.32258064516128
TCATGTGC	115	6	121	95.0413223140496
CATTTTCG	45	0	45	100.0
TCATGTGT	114	2	116	98.27586206896551
AAGTCTCC	58	2	60	96.66666666666667
AAGTCTCA	94	4	98	95.91836734693877
AAGTCTCG	72	1	73	98.63013698630137
GTATCACC	76	4	80	95.0
CAAGTTTA	38	6	44	86.36363636363636
GTATCACA	93	8	101	92.07920792079209
CAAGTTTC	22	1	23	95.65217391304348
AGGTACCT	65	3	68	95.58823529411765
CAAGTTTG	69	10	79	87.34177215189874
AGGTACCA	72	6	78	92.3076923076923
TGTCGCAG	190	1	191	99.47643979057592
TGTCGCAA	145	1	146	99.31506849315068
CGCCAGAA	101	0	101	100.0
AGGTACCG	100	0	100	100.0
CTAAGTGT	59	0	59	100.0
CGGCGCGG	258	3	261	98.85057471264368
GTGCTGTA	164	6	170	96.47058823529412
GTGCTGTC	186	12	198	93.93939393939394
TGTATTAC	160	2	162	98.76543209876543
CTAAGTGA	80	6	86	93.02325581395348
CGGCGCGT	210	20	230	91.30434782608695
GGTTTGGG	152	15	167	91.01796407185628
CCAATATG	61	10	71	85.91549295774648
GTGCACCA	165	19	184	89.67391304347827
CCAATATC	51	10	61	83.60655737704919
GGTTTGGT	133	15	148	89.86486486486487
CCAATATT	33	3	36	91.66666666666666
GGGTTCGG	158	7	165	95.75757575757575
GGGTTCGC	155	8	163	95.0920245398773
CTAAGGTT	36	2	38	94.73684210526315
CTACGAGA	77	7	84	91.66666666666666
CTACGAGC	106	5	111	95.4954954954955
CTACGAGG	111	3	114	97.36842105263158
CTAAGGTA	72	0	72	100.0
CTAAGGTG	103	3	106	97.16981132075472
CAGAGTCA	65	8	73	89.04109589041096
CAGAGTCC	49	2	51	96.07843137254902
GATTCTCA	53	2	55	96.36363636363636
TGTTAGCT	87	11	98	88.77551020408163
GATTCTCG	91	6	97	93.81443298969072
CAGAGTCT	52	2	54	96.29629629629629
ATTAGTGG	136	1	137	99.27007299270073
TGCAGTGC	141	2	143	98.6013986013986
TGTTAGCC	105	1	106	99.05660377358491
TGCAGTGA	111	12	123	90.2439024390244
TGTTAGCA	127	7	134	94.77611940298507
TGCAGTGG	187	10	197	94.9238578680203
ATTGTTAG	63	5	68	92.64705882352942
CTTCGGAC	138	5	143	96.5034965034965
ATTGTTAA	43	5	48	89.58333333333334
TCCCCGTT	121	6	127	95.2755905511811
ATTGTAGG	75	2	77	97.40259740259741
GTCAATAA	132	7	139	94.96402877697841
ATTGTAGA	65	6	71	91.54929577464789
ATTAGTGC	72	2	74	97.2972972972973
TCCCCGTA	132	13	145	91.0344827586207
ATTGTTAT	42	2	44	95.45454545454545
ACCGATGT	108	3	111	97.2972972972973
AAAGTAGA	79	11	90	87.77777777777777
TGTATGTA	83	2	85	97.6470588235294
AGCCGTCG	159	6	165	96.36363636363636
CACTAGCG	85	2	87	97.70114942528735
GTCGCAAT	133	6	139	95.68345323741008
AGCCGTCC	168	2	170	98.82352941176471
AGCCGTCA	188	4	192	97.91666666666666
CACTAGCT	79	2	81	97.53086419753086
AGCCGAAC	141	1	142	99.29577464788733
CCCGTCCA	158	16	174	90.80459770114942
TTCAAGCA	89	1	90	98.88888888888889
GTCGCAAG	210	5	215	97.67441860465115
TAGCGAAC	67	3	70	95.71428571428572
GTAATGGA	80	2	82	97.5609756097561
GTAATGGC	83	3	86	96.51162790697676
AGATTTCT	29	2	31	93.54838709677419
CAGAAGTG	58	2	60	96.66666666666667
CAGAAGTA	51	3	54	94.44444444444444
ATGCCACA	111	13	124	89.51612903225806
ATGCCACC	126	5	131	96.18320610687023
ATGCCACT	90	8	98	91.83673469387756
TATCACGT	99	5	104	95.1923076923077
TACTGCGA	154	10	164	93.90243902439023
TATCACGG	154	6	160	96.25
ATCTTCTG	58	7	65	89.23076923076924
ATCTTCTA	47	0	47	100.0
ATCTTCTC	37	1	38	97.36842105263158
GACCGTGC	176	13	189	93.12169312169311
CAGAGGTA	59	6	65	90.76923076923077
CAGAGGTG	105	3	108	97.22222222222221
TTGTTGTC	73	7	80	91.25
GACCGTGT	162	10	172	94.18604651162791
TTGTTGTA	91	4	95	95.78947368421052
CGATTGCA	103	3	106	97.16981132075472
TACTTCCC	45	5	50	90.0
TACTTCCA	71	3	74	95.94594594594594
AGTGGCAG	149	4	153	97.38562091503267
TACTTCCT	54	1	55	98.18181818181819
GAAGCTCG	85	2	87	97.70114942528735
GAAGCTCA	72	2	74	97.2972972972973
CACACCTA	55	4	59	93.22033898305084
GACGACGG	183	8	191	95.81151832460732
GACGACGC	99	7	106	93.39622641509435
GACGACGA	137	2	139	98.56115107913669
GAAGCTCT	42	1	43	97.67441860465115
TGCGTATA	97	9	106	91.50943396226415
CACACTTC	76	3	79	96.20253164556962
CACACTTG	104	5	109	95.41284403669725
GACGACGT	130	3	133	97.74436090225564
GGGAATGT	69	4	73	94.52054794520548
CATGCGCT	139	7	146	95.2054794520548
GACGGCTT	115	5	120	95.83333333333334
CATGTATC	60	0	60	100.0
GTCGGGAT	124	3	127	97.63779527559055
AGGCCAGC	116	10	126	92.06349206349206
CATGTATG	110	2	112	98.21428571428571
GGGAATGG	146	1	147	99.31972789115646
GGGAATGA	87	2	89	97.75280898876404
CATGCGCG	243	4	247	98.38056680161942
GTCGGGAG	145	2	147	98.63945578231292
TTGACGAG	100	1	101	99.00990099009901
AGGCCAGT	95	1	96	98.95833333333334
TTGACGAA	69	1	70	98.57142857142858
GACGGCTA	113	11	124	91.12903225806451
CATGTATT	41	5	46	89.13043478260869
TATTTTCG	78	1	79	98.73417721518987
TATTTTCA	39	0	39	100.0
ACTTTTGG	79	3	82	96.34146341463415
ACTTTTGA	60	2	62	96.7741935483871
GACACCTT	55	2	57	96.49122807017544
CGGCCTAC	147	10	157	93.63057324840764
CGGCCTAA	172	5	177	97.17514124293785
ACTTTTGT	54	1	55	98.18181818181819
GACACCTA	91	6	97	93.81443298969072
GACACCTG	83	3	86	96.51162790697676
CATGGTCC	101	4	105	96.19047619047619
CATGGTCA	89	5	94	94.68085106382979
AAGAATAG	20	1	21	95.23809523809523
TGGGCGTT	218	8	226	96.46017699115043
AAGAATAC	22	0	22	100.0
AAGAATAA	16	2	18	88.88888888888889
CATGGTCT	176	1	177	99.43502824858757
TGGGCGTG	423	4	427	99.06323185011709
TGGGCGTC	211	3	214	98.5981308411215
TGGGCGTA	354	7	361	98.06094182825484
GACTAGAG	106	3	109	97.24770642201835
AACATCAT	73	1	74	98.64864864864865
GACTAGAC	100	1	101	99.00990099009901
GGCCATTG	287	2	289	99.30795847750865
GACTAGAT	55	0	55	100.0
GGCCATTC	156	4	160	97.5
AACATCAC	72	2	74	97.2972972972973
GGCCATTA	197	24	221	89.14027149321268
GAAGCGTC	76	4	80	95.0
TACAGTCG	164	10	174	94.25287356321839
TTCCGCTG	225	5	230	97.82608695652173
TACAGTCC	78	5	83	93.97590361445783
AATTCACT	61	2	63	96.82539682539682
CTGATCCG	222	7	229	96.94323144104804
GGGAAAAA	18	1	19	94.73684210526315
TTCCGCTT	176	8	184	95.65217391304348
TACAGTCT	109	1	110	99.0909090909091
AATTCACA	36	0	36	100.0
TCCACGGC	145	4	149	97.31543624161074
GCCTGACT	116	4	120	96.66666666666667
CCTTAGAA	69	1	70	98.57142857142858
CCTTAGAC	70	4	74	94.5945945945946
AGTCCGTG	153	5	158	96.83544303797468
TTAGTACT	59	3	62	95.16129032258065
TAATCTGC	54	1	55	98.18181818181819
TAATCTGA	57	0	57	100.0
CCTTAGAT	87	1	88	98.86363636363636
GTACAATC	63	3	66	95.45454545454545
AGTCCGTT	73	3	76	96.05263157894737
TTAGTACG	109	1	110	99.0909090909091
TAAATCCT	18	0	18	100.0
TAGGGTCT	69	1	70	98.57142857142858
CAGTCTTA	87	8	95	91.57894736842105
ACCACGTA	125	3	128	97.65625
ACCACGTG	204	2	206	99.02912621359224
AGTTTAAA	23	0	23	100.0
TAAATCCA	46	1	47	97.87234042553192
TAAATCCC	28	3	31	90.32258064516128
TGCTCGCA	256	10	266	96.2406015037594
TGCTCGCC	238	5	243	97.94238683127571
CAGTCTTT	80	3	83	96.3855421686747
TGCTCGCG	357	14	371	96.22641509433963
TAAACTTG	52	0	52	100.0
TACGTTGT	216	6	222	97.2972972972973
TAAACTTA	43	0	43	100.0
ATGGTATA	112	0	112	100.0
ATTGCCCG	188	3	191	98.42931937172776
ATGGTATG	177	9	186	95.16129032258065
CAGACGAT	87	2	89	97.75280898876404
ACCCTCAA	151	0	151	100.0
ACCCTCAG	182	3	185	98.37837837837839
TAGTCAAT	50	0	50	100.0
ATGGTATT	97	0	97	100.0
AGTACTCT	56	5	61	91.80327868852459
CAGACGAC	61	1	62	98.38709677419355
TCAGAGTC	88	2	90	97.77777777777777
TTGCCCGT	209	19	228	91.66666666666666
TCAGAGTA	124	3	127	97.63779527559055
GGGCCAGA	219	11	230	95.21739130434783
GGGCCAGC	217	11	228	95.17543859649122
GGGCCAGT	254	7	261	97.31800766283524
TTGCCCGG	245	13	258	94.96124031007753
CTGAGCCA	181	14	195	92.82051282051282
TTGCCCGA	203	19	222	91.44144144144144
CTGAGCCG	163	7	170	95.88235294117648
ATACGTGT	167	8	175	95.42857142857143
CCCGAGAA	77	3	80	96.25
AGTCGGGC	138	2	140	98.57142857142858
AGTCGGGG	138	0	138	100.0
ACAGTTTA	81	2	83	97.59036144578313
CTCGCACT	195	5	200	97.5
CAGCCCGG	242	6	248	97.58064516129032
CAGCCCGA	211	10	221	95.47511312217195
GCCGCCGA	109	10	119	91.59663865546219
CAGCCCGC	248	8	256	96.875
CTCGCACC	190	0	190	100.0
CTCGCACA	209	3	212	98.58490566037736
CTGAACTA	115	4	119	96.63865546218487
CGATGTCG	177	1	178	99.43820224719101
CGATGTCA	176	2	178	98.87640449438202
CTGAACTG	132	7	139	94.96402877697841
CTCTCCGC	179	14	193	92.74611398963731
CGATGTCT	112	2	114	98.24561403508771
CTCTCCGA	173	10	183	94.53551912568307
CTGAACTT	63	2	65	96.92307692307692
GCCACCAG	126	9	135	93.33333333333333
ATTATGAG	140	6	146	95.8904109589041
AAAGTTAA	54	5	59	91.52542372881356
AAAGTTAC	46	2	48	95.83333333333334
CTACGGGC	223	4	227	98.23788546255507
AAAGTTAT	47	0	47	100.0
ATTATGAT	104	1	105	99.04761904761905
AATGGGTG	141	2	143	98.6013986013986
TCAAGTAT	135	0	135	100.0
AATGGGTC	93	5	98	94.89795918367348
CGCATGGT	204	6	210	97.14285714285714
AATGGGTT	129	3	132	97.72727272727273
CGCATGGA	294	12	306	96.07843137254902
CGCATGGC	348	13	361	96.39889196675901
GATTTTAG	153	1	154	99.35064935064936
ACGATTCT	102	5	107	95.32710280373831
CGAAAAGG	65	4	69	94.20289855072464
GATTTTAA	73	2	75	97.33333333333334
GTTGCAAC	116	2	118	98.30508474576271
GATTTTAT	49	5	54	90.74074074074075
ACGATTCA	186	6	192	96.875
ACGATTCC	176	4	180	97.77777777777777
GGACAAGG	218	7	225	96.88888888888889
GGACAAGC	180	8	188	95.74468085106383
AGATAATT	18	0	18	100.0
AGGGGTAA	152	4	156	97.43589743589743
CAATGCGC	125	4	129	96.89922480620154
GGACAAGT	276	14	290	95.17241379310344
AGGGGTAT	143	8	151	94.70198675496688
GTGAAGTT	90	3	93	96.7741935483871
CCGCGGTC	379	13	392	96.68367346938776
CCGCGGTA	413	22	435	94.94252873563218
ATGCGGAT	201	4	205	98.04878048780488
GAAGGGAT	98	3	101	97.02970297029702
AAACAGGC	102	7	109	93.57798165137615
AGTTGTGG	105	4	109	96.3302752293578
CCGCGGTT	388	17	405	95.80246913580247
ACGGACCC	222	13	235	94.46808510638299
ACGGACCA	238	15	253	94.0711462450593
ACGGACCG	259	16	275	94.18181818181817
ATGCGGAA	212	8	220	96.36363636363636
GAAGGGAC	75	1	76	98.68421052631578
ATGCGGAC	256	4	260	98.46153846153847
GATTTAGT	133	4	137	97.08029197080292
GCGGGGAG	249	9	258	96.51162790697676
GGCATCCC	215	4	219	98.17351598173516
CGCTAGAT	149	3	152	98.02631578947368
ATCCACAT	136	3	139	97.84172661870504
GGCATCCG	295	3	298	98.99328859060402
TGTTCCCT	234	5	239	97.90794979079497
GAACACAT	156	2	158	98.73417721518987
ATTTCCTA	23	0	23	100.0
TCCCGACA	114	5	119	95.7983193277311
ATTTCCTC	41	6	47	87.2340425531915
TCCCGACC	102	0	102	100.0
GAGCCGAC	109	4	113	96.46017699115043
CGCTAGAA	64	4	68	94.11764705882352
GAGCCGAA	101	3	104	97.11538461538461
ATCCACAA	93	2	95	97.89473684210527
GCATCTGA	136	1	137	99.27007299270073
ATCCACAG	114	4	118	96.61016949152543
GCATCTGC	169	2	171	98.83040935672514
GATTTAGC	82	1	83	98.79518072289156
TCCCGACT	87	4	91	95.6043956043956
TGTTCCCA	88	2	90	97.77777777777777
TGTTCCCC	94	2	96	97.91666666666666
GCTGATTC	120	5	125	96.0
GCTGATTA	92	0	92	100.0
GCTGATTG	145	5	150	96.66666666666667
ATATTTAC	25	2	27	92.5925925925926
ATATTTAA	15	0	15	100.0
ATATTTAG	47	1	48	97.91666666666666
GAGTAGTA	87	4	91	95.6043956043956
GAGTAGTG	116	2	118	98.30508474576271
TGATAATT	14	1	15	93.33333333333333
ATATTCTT	21	4	25	84.0
ATATTCTC	38	0	38	100.0
TGATAATA	50	1	51	98.0392156862745
TGATAATG	68	1	69	98.55072463768117
CGGCGGAT	176	2	178	98.87640449438202
GCTTCTGG	351	3	354	99.15254237288136
AGCTGCCA	275	11	286	96.15384615384616
TCTTCACC	81	5	86	94.18604651162791
TCTTCACA	79	7	86	91.86046511627907
CGGCGGAA	146	8	154	94.8051948051948
CGGCGGAC	142	6	148	95.94594594594594
CGGCGGAG	165	7	172	95.93023255813954
ATCTGTAT	98	10	108	90.74074074074075
GCGAGCCC	232	42	274	84.67153284671532
CCTGGCTC	134	12	146	91.78082191780823
CCTGGCTA	141	6	147	95.91836734693877
CCTGGCTG	180	5	185	97.2972972972973
CATATCGT	79	3	82	96.34146341463415
TAATACTG	74	3	77	96.1038961038961
CATATCGC	93	3	96	96.875
CATATCGA	79	5	84	94.04761904761905
CATATCGG	111	3	114	97.36842105263158
CCTGGCTT	112	7	119	94.11764705882352
GTCGCTAA	212	8	220	96.36363636363636
CTCTGAGT	98	3	101	97.02970297029702
CCCACCGT	157	5	162	96.91358024691358
TAACATAG	113	7	120	94.16666666666667
AACAACGG	133	6	139	95.68345323741008
TAACATAC	83	0	83	100.0
CTCTGAGC	108	3	111	97.2972972972973
TAACATAT	66	2	68	97.05882352941177
CCCACCGC	131	6	137	95.62043795620438
CTTTTCGC	109	2	111	98.1981981981982
TACTACGT	80	8	88	90.9090909090909
CTTTTCGA	100	5	105	95.23809523809523
CTTTTCGG	122	0	122	100.0
GACAGCTC	80	0	80	100.0
AAGCGCTC	73	7	80	91.25
TCTCCAAA	126	2	128	98.4375
AAGCGCTA	106	4	110	96.36363636363636
AAGCGCTG	106	3	109	97.24770642201835
TGGCGCGG	330	2	332	99.3975903614458
TACTACGG	124	2	126	98.4126984126984
TTATTACA	44	1	45	97.77777777777777
GACAGTTG	100	3	103	97.0873786407767
CTTTTCGT	92	15	107	85.98130841121495
GGGATAGG	127	3	130	97.6923076923077
GGGATAGC	60	1	61	98.36065573770492
AAGCGCTT	78	3	81	96.29629629629629
GGGATAGA	67	1	68	98.52941176470588
CGTAGCGT	145	6	151	96.02649006622516
ACTCAAGA	71	6	77	92.20779220779221
TTTCCCGA	102	10	112	91.07142857142857
ACTCAAGG	76	6	82	92.6829268292683
CCGTGGGT	161	5	166	96.98795180722891
ACCGAAAA	22	0	22	100.0
CACCTCCG	83	10	93	89.24731182795699
ACCGAAAG	59	3	62	95.16129032258065
CACCTCCA	113	8	121	93.38842975206612
CGGATTTT	60	1	61	98.36065573770492
CACCTCCC	115	6	121	95.0413223140496
AGTGAGCG	139	8	147	94.5578231292517
ACTCAAGT	74	7	81	91.35802469135803
CACCTCCT	92	4	96	95.83333333333334
CGGATTTC	54	4	58	93.10344827586206
CGGATTTA	73	3	76	96.05263157894737
CCGTGGGA	147	1	148	99.32432432432432
CCGTGGGC	161	7	168	95.83333333333334
TCGAGACT	55	5	60	91.66666666666666
CTGTGTAG	76	6	82	92.6829268292683
AGCAGAAC	32	0	32	100.0
CCGAATCA	70	0	70	100.0
AGCAGAAA	17	2	19	89.47368421052632
CCGAATCC	95	0	95	100.0
AGCAGAAG	45	2	47	95.74468085106383
CCGAATCG	81	7	88	92.04545454545455
ACTCTACG	92	3	95	96.84210526315789
CAGTGCGG	194	10	204	95.09803921568627
CGGTGCCG	162	16	178	91.01123595505618
ACTCTACC	74	4	78	94.87179487179486
ACTCTACA	90	6	96	93.75
CCGAATCT	41	1	42	97.61904761904762
AGACCCGA	90	1	91	98.9010989010989
AGCAGAAT	31	2	33	93.93939393939394
CACTAGAC	71	3	74	95.94594594594594
ACTCTACT	62	7	69	89.85507246376811
TAGCGACC	94	11	105	89.52380952380953
ACTGACCG	80	9	89	89.8876404494382
ACTGACCC	119	4	123	96.7479674796748
TCGAGACC	60	5	65	92.3076923076923
GGATTAAT	37	1	38	97.36842105263158
CACGGGTA	165	7	172	95.93023255813954
TTAACGAT	61	5	66	92.42424242424242
ACTGACCT	105	9	114	92.10526315789474
TTAACTCC	58	5	63	92.06349206349206
CACGGGTT	136	13	149	91.2751677852349
GGATTAAC	72	6	78	92.3076923076923
GTTAATGG	117	6	123	95.1219512195122
ACACAACG	122	10	132	92.42424242424242
TCTTGTAT	83	5	88	94.31818181818183
CTTCTGCT	101	12	113	89.38053097345133
CAGGTAAA	33	1	34	97.05882352941177
CTTCTGCA	109	9	118	92.37288135593221
TCTTGTAG	87	6	93	93.54838709677419
CTTCTGCC	106	5	111	95.4954954954955
TCTTGTAA	79	7	86	91.86046511627907
TCTTGTAC	82	10	92	89.13043478260869
GACAAACT	45	5	50	90.0
GGGAGAGC	39	3	42	92.85714285714286
GGGAGAGA	76	3	79	96.20253164556962
GGGAGAGG	72	3	75	96.0
GTCTATCT	70	2	72	97.22222222222221
GTCTATCG	130	12	142	91.54929577464789
GTCTATCC	185	13	198	93.43434343434343
TGCGGCGG	476	32	508	93.7007874015748
GCTATTAT	132	8	140	94.28571428571428
TGCGGCGA	497	29	526	94.48669201520913
TTCTTCTG	197	3	200	98.5
GTCACGTA	359	5	364	98.62637362637363
GCTATTAA	147	8	155	94.83870967741936
TGCGGCGT	403	23	426	94.60093896713614
AATTAGCT	77	4	81	95.06172839506173
GCTATTAG	232	5	237	97.8902953586498
TTCGGTAC	220	2	222	99.09909909909909
CGGAACTG	219	2	221	99.09502262443439
AGCTCGCT	243	0	243	100.0
GTGCGCAC	475	2	477	99.58071278825996
TAACAGCC	130	0	130	100.0
CAGCACAA	284	2	286	99.3006993006993
TAACAGCG	206	8	214	96.26168224299066
CGGAACTT	94	3	97	96.90721649484536
ATAACGTC	81	4	85	95.29411764705881
AAGCCTTA	158	4	162	97.53086419753086
AAGCCTTC	113	2	115	98.26086956521739
GGGTCTAG	294	8	302	97.35099337748345
AACGTCGT	225	3	228	98.68421052631578
TCATGGTA	260	20	280	92.85714285714286
CCCCAGTT	145	8	153	94.77124183006535
CCCTAATG	136	12	148	91.8918918918919
CCCTAATA	119	13	132	90.15151515151516
AAGCCTTT	94	4	98	95.91836734693877
CATCGGAG	151	12	163	92.63803680981594
TCATGGTT	203	13	216	93.98148148148148
CATCGGAC	109	11	120	90.83333333333333
GGAACAGC	58	0	58	100.0
TTAGAAGT	62	7	69	89.85507246376811
TCGACGTT	223	9	232	96.12068965517241
AGTGATTC	105	7	112	93.75
TTGGCCAG	331	28	359	92.20055710306406
TCGCCAGA	303	24	327	92.66055045871559
CTGGGGTG	168	10	178	94.3820224719101
TCGCCAGC	349	19	368	94.83695652173914
TTGGCCAC	286	26	312	91.66666666666666
AAAAAGAT	6	0	6	100.0
AGTGATTT	88	3	91	96.7032967032967
GGAACAGT	59	8	67	88.05970149253731
TCGACGTG	401	26	427	93.91100702576112
ACATTAGC	185	3	188	98.40425531914893
ACATTAGA	148	16	164	90.2439024390244
ACATTAGG	204	10	214	95.32710280373831
AGCTCGCG	299	13	312	95.83333333333334
CCATAGCC	133	8	141	94.32624113475178
GCGTACGG	398	29	427	93.20843091334895
CGGATCGC	232	18	250	92.80000000000001
TCGGAGAG	200	7	207	96.61835748792271
TTCGTCGA	339	30	369	91.869918699187
ACATCAGT	246	19	265	92.83018867924528
CACAATGT	174	1	175	99.42857142857143
GGCCGGGT	453	22	475	95.36842105263158
CTTGCGCA	376	31	407	92.38329238329239
TATAACCT	48	6	54	88.88888888888889
CTTGCGCC	285	16	301	94.6843853820598
TTCGTCGT	275	23	298	92.28187919463086
ACATCAGC	100	15	115	86.95652173913044
ACATCAGA	85	2	87	97.70114942528735
GGCCGGGG	120	8	128	93.75
CACAATGG	71	9	80	88.75
GGCCGGGC	140	11	151	92.71523178807946
CACAATGC	63	2	65	96.92307692307692
TATAACCG	44	3	47	93.61702127659575
CACAATGA	44	0	44	100.0
CACGTCCA	260	20	280	92.85714285714286
TAAGTAGG	230	9	239	96.23430962343096
TAGTTACT	29	0	29	100.0
GATGTTGA	100	1	101	99.00990099009901
CTGAAATG	140	7	147	95.23809523809523
CGGAGACA	118	6	124	95.16129032258065
GCGACTCA	123	11	134	91.7910447761194
GCGACTCG	119	18	137	86.86131386861314
GTTTACAT	60	9	69	86.95652173913044
GGAGGCAC	152	3	155	98.06451612903226
GGAGGCAA	260	12	272	95.58823529411765
TACTCCAA	72	8	80	90.0
TACTCCAC	45	9	54	83.33333333333334
GAAGAAGT	23	0	23	100.0
GGGGTGCC	270	18	288	93.75
GTTTACAA	54	6	60	90.0
GTTTACAG	73	10	83	87.95180722891565
GCGACTCT	87	9	96	90.625
GAAGAAGC	32	1	33	96.96969696969697
CCGTCAAA	235	9	244	96.31147540983606
GAAGAAGA	16	3	19	84.21052631578947
GAAGAAGG	39	1	40	97.5
ACGTCGGC	134	13	147	91.15646258503402
CTACCGGA	188	2	190	98.94736842105263
GGCAAGAA	40	8	48	83.33333333333334
GGCAAGAG	47	1	48	97.91666666666666
GGGGCGCC	97	6	103	94.1747572815534
GCACGCCT	129	18	147	87.75510204081633
GGCAAGAT	25	5	30	83.33333333333334
GCACGCCA	176	7	183	96.17486338797814
GACGTCAC	73	11	84	86.90476190476191
GCACGCCC	151	20	171	88.30409356725146
GAGTCGTC	151	4	155	97.41935483870968
GACGTCAG	75	13	88	85.22727272727273
GCACGCCG	147	23	170	86.47058823529412
CCGATCCT	64	4	68	94.11764705882352
TCCTGTTT	61	9	70	87.14285714285714
TAAAAGTT	11	1	12	91.66666666666666
GCCGGCAT	131	8	139	94.24460431654677
GTGGCGTG	154	19	173	89.01734104046243
GTGGCGTA	130	16	146	89.04109589041096
GTCTCCAG	202	1	203	99.50738916256158
CCGATCCC	112	5	117	95.72649572649573
GCCGGCAG	177	11	188	94.14893617021278
GCCGGCAA	98	15	113	86.72566371681415
CGAGTGCA	68	7	75	90.66666666666666
CGAGTGCC	45	6	51	88.23529411764706
TGGCTAGA	48	15	63	76.19047619047619
TGGCTAGC	94	9	103	91.2621359223301
ATCCCCTA	187	9	196	95.40816326530613
TCATATTT	20	3	23	86.95652173913044
CAGAACGA	67	18	85	78.82352941176471
CAGAACGC	42	4	46	91.30434782608695
CAGAACGG	43	3	46	93.47826086956522
TCATATTC	64	5	69	92.7536231884058
GGCGTCCC	264	5	269	98.14126394052045
TCATATTA	43	8	51	84.31372549019608
TCATATTG	69	7	76	90.78947368421053
AACCTGCG	213	16	229	93.01310043668121
GTTGGCAT	310	5	315	98.4126984126984
ATCATTCG	53	12	65	81.53846153846153
ATCATTCC	43	0	43	100.0
TTAAAGGT	20	2	22	90.9090909090909
TTAAAGGC	24	0	24	100.0
ATCATTCT	34	13	47	72.3404255319149
TTAAAGGG	29	5	34	85.29411764705883
GATACACG	79	8	87	90.80459770114942
GTTGGTTC	146	6	152	96.05263157894737
GAATTTTA	19	1	20	95.0
CTCACATA	68	13	81	83.9506172839506
CCCAACAT	48	1	49	97.95918367346938
CTCACATG	59	0	59	100.0
CCCAACAG	87	7	94	92.5531914893617
CCCAACAA	58	11	69	84.05797101449275
CCCAACAC	214	19	233	91.84549356223177
AACATCGT	64	10	74	86.48648648648648
GGAGGTTG	122	7	129	94.57364341085271
TAGTCACC	83	11	94	88.29787234042553
CTCTCGAA	246	10	256	96.09375
CCCGAGCT	118	4	122	96.72131147540983
CTCTCGAC	275	22	297	92.5925925925926
GGGGAAAG	89	2	91	97.8021978021978
TCATACAC	209	19	228	91.66666666666666
CTGCCCGA	434	33	467	92.93361884368309
TGGCTTAT	236	19	255	92.54901960784314
TCATACAG	283	7	290	97.58620689655172
TGTTTAAG	258	8	266	96.99248120300751
CCCGAGCA	196	5	201	97.51243781094527
GAGGCCCT	124	2	126	98.4126984126984
GAATAATC	40	0	40	100.0
TGGCTTAG	380	12	392	96.93877551020408
CTGCCCGT	487	3	490	99.38775510204081
TGTTTAAT	125	7	132	94.6969696969697
TTAGATCA	84	7	91	92.3076923076923
TCGGTGGC	167	6	173	96.53179190751445
GTGGGGGC	294	8	302	97.35099337748345
CGTACAAA	145	2	147	98.63945578231292
GTGGGGGG	307	8	315	97.46031746031746
GTCGATTG	384	7	391	98.20971867007673
TCAAGTCC	186	22	208	89.42307692307693
GTGGGGGT	290	25	315	92.06349206349206
ATAACCGA	152	3	155	98.06451612903226
GTCGATTT	257	8	265	96.98113207547169
GTCCGGAC	420	11	431	97.4477958236659
AGAATCTG	78	0	78	100.0
GTCCGGAA	300	14	314	95.54140127388536
AGAATCTA	94	4	98	95.91836734693877
AGAATCTC	47	0	47	100.0
CATATGAA	147	3	150	98.0
CATATGAC	174	7	181	96.13259668508287
CATATGAG	188	11	199	94.47236180904522
GGCTTGCA	115	12	127	90.5511811023622
GCCGATTA	97	9	106	91.50943396226415
GTTCCCAT	349	19	368	94.83695652173914
CATATGAT	126	5	131	96.18320610687023
GTTCCCAC	371	18	389	95.37275064267352
GTTCCCAA	262	18	280	93.57142857142857
CTTGATCA	280	27	307	91.20521172638436
GTCGACAC	350	23	373	93.8337801608579
TGGCTTGT	345	25	370	93.24324324324324
ATCGGATG	241	21	262	91.98473282442748
TAGAGCCT	84	2	86	97.67441860465115
ATCGGCGT	415	23	438	94.74885844748859
CCGCAATG	296	32	328	90.2439024390244
TAGAGCCA	165	7	172	95.93023255813954
TAGAGCCG	186	6	192	96.875
ATCGGCGC	352	15	367	95.91280653950953
CTACTCTA	194	22	216	89.81481481481481
CTACTCTG	254	20	274	92.7007299270073
ATGTAATA	53	2	55	96.36363636363636
TATCATCC	94	3	97	96.90721649484536
ATGTAATG	107	5	112	95.53571428571429
TCGGGATC	320	8	328	97.5609756097561
TGTTGATT	147	3	150	98.0
TCGGGATG	473	31	504	93.84920634920636
GGGTGACC	295	26	321	91.90031152647975
TTCCCGTA	316	12	328	96.34146341463415
TTCCCGTC	362	20	382	94.76439790575915
GCGCGTCT	655	27	682	96.04105571847508
TCTTTATT	58	2	60	96.66666666666667
CATGTGTA	368	23	391	94.11764705882352
CAATGTGT	109	3	112	97.32142857142857
CTTTTGAA	191	2	193	98.96373056994818
GAACAATC	115	3	118	97.45762711864407
CTTTTGAC	229	9	238	96.21848739495799
GAACAATA	143	8	151	94.70198675496688
AAACTTCG	88	7	95	92.63157894736842
GAACAATG	211	13	224	94.19642857142857
CTTTTGAG	228	17	245	93.06122448979592
CATGTGTT	323	18	341	94.72140762463343
TCTTTATG	150	3	153	98.0392156862745
TATGCCAA	288	15	303	95.04950495049505
GCGCGTCG	902	54	956	94.35146443514645
TATGCCAG	348	9	357	97.47899159663865
GCGCGTCA	858	20	878	97.72209567198178
CACTCCGG	435	17	452	96.23893805309734
CTTTTGAT	204	6	210	97.14285714285714
AAATCCGA	100	7	107	93.45794392523365
TCCTCCGA	423	12	435	97.24137931034483
AAATCCGG	156	11	167	93.41317365269461
TCCTCCGC	373	31	404	92.32673267326733
TTATCTGG	338	21	359	94.15041782729804
AGGGGTCG	113	5	118	95.76271186440678
CCGGTTGC	435	33	468	92.94871794871796
TTATCTGC	243	20	263	92.39543726235742
CCGGTTGG	484	28	512	94.53125
TCCTCCGT	340	16	356	95.50561797752809
GGCCTGAG	301	11	312	96.47435897435898
AAATCCGT	134	12	146	91.78082191780823
TCATTGGC	338	22	360	93.88888888888889
TTATCTGT	194	12	206	94.1747572815534
CCGGTTGT	445	24	469	94.88272921108742
CCTAATCA	202	8	210	96.19047619047619
CCTAATCC	145	5	150	96.66666666666667
CATTCTCG	321	12	333	96.3963963963964
CCTAATCG	276	16	292	94.52054794520548
CATTCTCC	192	8	200	96.0
ATTTAGGA	142	1	143	99.3006993006993
ATTTAGGG	171	5	176	97.1590909090909
GATTCCTG	266	10	276	96.37681159420289
CATTCTCT	180	18	198	90.9090909090909
CCTAATCT	120	5	125	96.0
ACCACAAA	95	7	102	93.13725490196079
ATTTAGGT	173	8	181	95.58011049723757
GAACACCT	137	7	144	95.13888888888889
GGCATCAC	305	41	346	88.15028901734104
AATGATGA	280	5	285	98.24561403508771
AATGATGG	257	13	270	95.18518518518519
GCCTTCAT	322	11	333	96.69669669669669
GTCTCGGC	503	21	524	95.99236641221374
GATGGCTC	288	9	297	96.96969696969697
TGCCAATT	187	16	203	92.11822660098522
GAACACCC	154	9	163	94.47852760736197
GCCTTCAA	318	12	330	96.36363636363636
AATGATGT	173	5	178	97.19101123595506
CTGCGATG	582	33	615	94.6341463414634
AGTCCCAC	186	17	203	91.62561576354679
AGTCCCAA	158	7	165	95.75757575757575
CTGCGATC	408	17	425	96.0
CCAAAGGC	97	5	102	95.09803921568627
TCCACCTA	239	5	244	97.95081967213115
TCCACCTC	220	10	230	95.65217391304348
ACGGCCTC	206	11	217	94.93087557603687
TCCACCTG	353	26	379	93.13984168865436
AAAGGCAT	102	5	107	95.32710280373831
CCAAAGGT	86	4	90	95.55555555555556
CTGCGATT	306	8	314	97.45222929936305
AAACACAC	187	7	194	96.3917525773196
CCACCAGT	223	12	235	94.8936170212766
AAAGGCAA	125	7	132	94.6969696969697
AAAGGCAG	155	14	169	91.71597633136095
TGGGCCAT	348	17	365	95.34246575342465
GGGTAGTC	158	9	167	94.61077844311377
GGGTAGTA	199	6	205	97.07317073170731
AACCGCCT	234	9	243	96.29629629629629
CATTGCAC	256	16	272	94.11764705882352
TGGGCCAG	447	30	477	93.71069182389937
TGGGCCAA	412	22	434	94.93087557603687
AACCGCCG	298	15	313	95.2076677316294
CTGGTGGC	428	22	450	95.11111111111111
CATACCTT	114	2	116	98.27586206896551
AACCGCCC	242	7	249	97.18875502008032
CTGGTGGG	491	20	511	96.08610567514677
TTCAGGTA	245	9	254	96.45669291338582
TCACCGGA	446	22	468	95.2991452991453
GACGGGGT	353	18	371	95.14824797843666
TCACCGGG	580	20	600	96.66666666666667
ATCTGTCG	373	27	400	93.25
CGTATTCT	185	9	194	95.36082474226805
CTGTCATT	230	7	237	97.0464135021097
ATCTGTCC	198	12	210	94.28571428571428
ATCTGTCA	280	30	310	90.32258064516128
GCTTCTAT	199	14	213	93.42723004694837
GACGGGGC	303	12	315	96.19047619047619
TCACCGGT	415	14	429	96.73659673659674
GACGGGGG	292	7	299	97.65886287625418
ATCTGTCT	209	9	218	95.87155963302753
CGTATTCC	119	5	124	95.96774193548387
CGTATTCA	103	11	114	90.35087719298247
CAGGGTTA	133	11	144	92.36111111111111
AGTCCTCT	72	3	75	96.0
ACAACGAG	212	8	220	96.36363636363636
TCAAGCAA	82	0	82	100.0
CATAAGCC	53	3	56	94.64285714285714
TATCGGTT	138	2	140	98.57142857142858
TCAAGCAG	87	4	91	95.6043956043956
AAAACGGC	31	0	31	100.0
CATTTTGT	115	3	118	97.45762711864407
AAAACGGA	31	2	33	93.93939393939394
AGTCCTCC	119	0	119	100.0
AGTCCTCA	108	2	110	98.18181818181819
CAGGGTTT	85	1	86	98.83720930232558
GAGTCCGG	207	2	209	99.04306220095694
TATCGGTC	172	4	176	97.72727272727273
GAGTCCGC	142	1	143	99.3006993006993
TATCGGTG	218	7	225	96.88888888888889
TTTACTTA	78	7	85	91.76470588235294
TTTACTTC	67	5	72	93.05555555555556
GATGGTCC	115	10	125	92.0
CAAGGATA	161	5	166	96.98795180722891
GAGCACTT	96	7	103	93.20388349514563
CAAGGATC	109	0	109	100.0
TTTACTTT	39	3	42	92.85714285714286
GAGCACTA	167	7	174	95.97701149425288
GAGCACTG	194	11	205	94.6341463414634
CGCAAGCA	150	10	160	93.75
TCATCCGC	197	9	206	95.63106796116504
GCACACTC	222	3	225	98.66666666666667
CTTAGTTG	189	4	193	97.92746113989638
GCACACTA	255	8	263	96.95817490494296
CTTAGTTA	63	3	66	95.45454545454545
AGGTACGA	134	4	138	97.10144927536231
GCACACTT	184	5	189	97.35449735449735
TCATCCGT	228	5	233	97.85407725321889
CAAGATGT	84	4	88	95.45454545454545
TGCTTCGA	229	4	233	98.28326180257511
TGCTTCGG	270	4	274	98.54014598540147
CTGGCCTT	319	17	336	94.94047619047619
ACGTAATA	39	1	40	97.5
CTACAATG	119	8	127	93.7007874015748
ATAATCGA	82	3	85	96.47058823529412
TGAACACG	73	1	74	98.64864864864865
ACTTTAAC	29	5	34	85.29411764705883
ACGTGACG	79	8	87	90.80459770114942
GGATAAGG	89	1	90	98.88888888888889
GGATAAGA	55	0	55	100.0
TGTCCATC	119	6	125	95.19999999999999
TCAGCAGA	116	13	129	89.92248062015504
GGATAAGT	49	0	49	100.0
CATACACG	119	7	126	94.44444444444444
ATTACGCA	68	1	69	98.55072463768117
GGATTCTC	50	1	51	98.0392156862745
ATTACGCC	39	5	44	88.63636363636364
GGATTCTG	60	5	65	92.3076923076923
ATTACGCG	127	3	130	97.6923076923077
GCCCCCCG	211	3	214	98.5981308411215
CTGTGAGA	127	0	127	100.0
ATTACGCT	59	4	63	93.65079365079364
GGATTCTT	44	1	45	97.77777777777777
TCATTACT	45	0	45	100.0
GCTAATAC	62	4	66	93.93939393939394
GCTAATAA	41	3	44	93.18181818181817
ATATCAGT	28	2	30	93.33333333333333
GCTAAAGA	74	3	77	96.1038961038961
GCTAAAGC	43	1	44	97.72727272727273
TCATTACA	40	3	43	93.02325581395348
TCATTACC	65	6	71	91.54929577464789
GCTAAAGT	45	3	48	93.75
ATATCAGG	41	10	51	80.3921568627451
ATATCAGA	29	1	30	96.66666666666667
TGCTAGCT	107	1	108	99.07407407407408
AGTTGAGA	77	4	81	95.06172839506173
CAGTGCAA	140	7	147	95.23809523809523
CCGAATAA	64	4	68	94.11764705882352
TTCCAGAT	58	1	59	98.30508474576271
GTGACTCC	98	11	109	89.90825688073394
AATGGAGT	88	0	88	100.0
GACTTTCA	108	3	111	97.2972972972973
AAGCCAAT	76	1	77	98.7012987012987
TTCCAGAG	76	1	77	98.7012987012987
TTCCAGAC	83	5	88	94.31818181818183
GACCCAGC	107	6	113	94.69026548672566
CGCTCTCA	93	6	99	93.93939393939394
CCTTGGAC	51	6	57	89.47368421052632
ACGACGTC	198	6	204	97.05882352941177
ACGACGTA	247	11	258	95.73643410852713
CTATCGAG	86	0	86	100.0
CCTGCTCT	243	5	248	97.98387096774194
CTATCGAC	65	0	65	100.0
GGGGGGTG	161	6	167	96.40718562874252
CTATCGAA	78	2	80	97.5
TTAGGGTC	62	2	64	96.875
ACGACGTT	128	0	128	100.0
CCTTGGAT	85	1	86	98.83720930232558
CACCTTCC	150	2	152	98.68421052631578
TTAGGGTG	117	1	118	99.15254237288136
TTAACGCG	183	8	191	95.81151832460732
CATCTTGT	74	3	77	96.1038961038961
ACGCCGAT	177	6	183	96.72131147540983
CCTGCTCA	209	1	210	99.52380952380952
AGCTACAT	92	0	92	100.0
GGACACTG	180	8	188	95.74468085106383
TCCCTAAT	54	2	56	96.42857142857143
GGACATTT	60	4	64	93.75
CCAGAACT	42	5	47	89.36170212765957
GACAAAAT	16	3	19	84.21052631578947
GGACATTA	146	9	155	94.19354838709677
GGACTTAC	108	2	110	98.18181818181819
TCCCTAAC	57	2	59	96.61016949152543
ACACAAAG	58	1	59	98.30508474576271
ACACAAAA	34	0	34	100.0
CGCGCTTC	113	1	114	99.12280701754386
GGAGTCGA	132	13	145	91.0344827586207
TCTGGAGG	116	2	118	98.30508474576271
GGAGTCGC	93	1	94	98.93617021276596
TCTGGAGA	67	9	76	88.1578947368421
TCTGGAGC	53	0	53	100.0
CGGCACTG	208	6	214	97.19626168224299
GAGCCCTC	73	7	80	91.25
GAGCCCTG	75	3	78	96.15384615384616
CTCTTATA	46	2	48	95.83333333333334
GGAGTCGT	88	2	90	97.77777777777777
ATGGGCCC	80	3	83	96.3855421686747
CCAGGCTT	86	6	92	93.47826086956522
TGTACGCG	206	18	224	91.96428571428571
TGTACGCA	162	9	171	94.73684210526315
GGTTTTGT	136	2	138	98.55072463768117
GAGCATGA	162	7	169	95.85798816568047
GGTTTTGC	145	0	145	100.0
CGGACTGG	208	5	213	97.65258215962442
GGTTTTGA	122	0	122	100.0
GGTTTTGG	177	0	177	100.0
CCAGGCTA	190	4	194	97.9381443298969
ACGCTGTG	300	0	300	100.0
GGTTCTTT	113	6	119	94.9579831932773
GTTCACGT	178	3	181	98.34254143646409
GTTCACGC	216	7	223	96.8609865470852
GTTCACGA	189	11	200	94.5
GTTCACGG	228	9	237	96.20253164556962
GGTTCTTA	100	6	106	94.33962264150944
AAAACATA	19	2	21	90.47619047619048
ATTCGCCA	135	9	144	93.75
ATTCGCCG	188	12	200	94.0
TGCAGAGT	92	6	98	93.87755102040816
AACGTCAT	103	9	112	91.96428571428571
GGGTCTGA	70	7	77	90.9090909090909
ATGCTGTC	87	9	96	90.625
ATGCTGTA	71	2	73	97.26027397260275
CATCGGGG	213	12	225	94.66666666666667
CATCGGGA	134	9	143	93.7062937062937
ATCGCCTA	50	8	58	86.20689655172413
CGAGGTAT	66	0	66	100.0
GGTTGATT	95	3	98	96.93877551020408
AGTGGGAT	57	6	63	90.47619047619048
GTGCATTG	292	10	302	96.68874172185431
GTGCATTA	171	4	175	97.71428571428571
GGAACAAA	51	0	51	100.0
ATGAGAAC	31	1	32	96.875
GCAACAGG	182	4	186	97.84946236559139
GGAACTGG	87	5	92	94.56521739130434
GCAACAGA	155	2	157	98.72611464968153
GTTACCAG	192	3	195	98.46153846153847
GGAACTGC	70	3	73	95.8904109589041
AAAAAGCA	29	0	29	100.0
AAAAAGCC	7	0	7	100.0
GGAACAAT	40	6	46	86.95652173913044
AAAAAGCG	25	3	28	89.28571428571429
CAATATTC	13	0	13	100.0
GCAACAGT	86	5	91	94.5054945054945
GTTACCAT	92	3	95	96.84210526315789
CCATAGAG	76	8	84	90.47619047619048
TTTTACCT	32	2	34	94.11764705882352
TATCATAG	94	7	101	93.06930693069307
TAGCATAG	86	1	87	98.85057471264368
CCATAGAT	46	2	48	95.83333333333334
TAGCATAC	73	3	76	96.05263157894737
TAGCATAA	86	3	89	96.62921348314607
CGTAACCC	80	1	81	98.76543209876543
AATCGATG	102	2	104	98.07692307692307
AATCGATC	57	5	62	91.93548387096774
TATGACGC	85	6	91	93.4065934065934
ACTGTTGA	95	7	102	93.13725490196079
ACTGTTGG	289	5	294	98.29931972789116
AATCGATT	54	2	56	96.42857142857143
CGACTGGG	135	8	143	94.4055944055944
CGACTGGA	144	2	146	98.63013698630137
TCCTACAG	85	5	90	94.44444444444444
TCACGACT	88	3	91	96.7032967032967
GCTCGGTT	146	6	152	96.05263157894737
GCTCGTTT	134	6	140	95.71428571428572
GCTCGGTG	206	11	217	94.93087557603687
GCTCGGTC	165	8	173	95.37572254335261
GCTCGGTA	171	7	178	96.06741573033707
TGAGTGTG	278	2	280	99.28571428571429
GCTCGTTC	123	8	131	93.89312977099237
ACGTCGAT	222	8	230	96.52173913043478
CATTCCTG	81	2	83	97.59036144578313
ACCAGTTG	196	0	196	100.0
TAATTCGG	166	1	167	99.40119760479041
AGATAATA	47	1	48	97.91666666666666
CATTCCTA	75	1	76	98.68421052631578
GTTTCTAG	143	12	155	92.25806451612904
CGGAGAAT	42	1	43	97.67441860465115
GATCGGGA	277	6	283	97.87985865724382
CATTCCTT	66	1	67	98.50746268656717
GATCGGGC	248	7	255	97.25490196078431
AGTGTCAT	182	12	194	93.81443298969072
ATAGCGAT	83	2	85	97.6470588235294
CGGAGAAG	52	2	54	96.29629629629629
CCGCAGTA	155	12	167	92.81437125748504
CCGCAGTC	131	10	141	92.90780141843972
CTATGTGT	112	4	116	96.55172413793103
GCGGAGAG	124	7	131	94.65648854961832
CTAAGCAC	50	4	54	92.5925925925926
GCGGAGAA	91	3	94	96.80851063829788
CTAAGCAA	50	1	51	98.0392156862745
TTAAACAT	18	4	22	81.81818181818183
CTAAGCAT	42	0	42	100.0
CGGTGCCC	135	16	151	89.40397350993378
GCTCCTTG	158	13	171	92.39766081871345
TTAAACAA	26	0	26	100.0
ACGGCTGA	122	11	133	91.72932330827066
TTAAACAG	57	6	63	90.47619047619048
AGACCTTT	33	0	33	100.0
TTAACCTT	33	2	35	94.28571428571428
TGTTACTG	80	5	85	94.11764705882352
GGTCCCCC	90	12	102	88.23529411764706
GGTCCCCA	68	6	74	91.8918918918919
TGGCTAAC	182	2	184	98.91304347826086
TTAACCTA	49	5	54	90.74074074074075
AGACCTTA	41	5	46	89.13043478260869
AGACCTTC	49	4	53	92.45283018867924
TTAACCTG	77	5	82	93.90243902439023
TCTTTGTA	64	2	66	96.96969696969697
TGGCTAAT	125	8	133	93.98496240601504
GGTCCCCT	92	11	103	89.32038834951457
TCTTTGTG	142	10	152	93.42105263157895
TGGTCCGT	264	8	272	97.05882352941177
GTAAAGGA	36	0	36	100.0
GTAAAGGG	58	1	59	98.30508474576271
TTCATAAT	57	1	58	98.27586206896551
ATTACCTG	46	0	46	100.0
ACGTTGGC	82	10	92	89.13043478260869
GTCTCCAA	216	2	218	99.08256880733946
TTCATAAC	73	1	74	98.64864864864865
GTCTCCAC	230	3	233	98.71244635193133
TTCATAAA	66	2	68	97.05882352941177
TTCATAAG	82	0	82	100.0
GTAAAGGT	22	0	22	100.0
GGACGACC	186	1	187	99.46524064171123
TTGCGCCT	212	5	217	97.6958525345622
GCTGGGGC	215	2	217	99.07834101382488
AGGTGTCG	62	0	62	100.0
AGGTGTCA	112	6	118	94.91525423728814
AAACTCTC	31	3	34	91.17647058823529
GCTGGGGT	287	7	294	97.61904761904762
TTGCGCCA	369	6	375	98.4
AGGTGTCT	37	0	37	100.0
ATGCAAGA	106	5	111	95.4954954954955
GGGGAAGG	158	7	165	95.75757575757575
AAGTCGGA	242	16	258	93.7984496124031
GGGGAAGC	71	7	78	91.02564102564102
TGTTTAGC	144	4	148	97.2972972972973
TGGCTTGG	485	37	522	92.91187739463601
AAGTCGGT	252	8	260	96.92307692307692
TGCCCGAA	214	3	217	98.61751152073732
ACTACTAA	145	3	148	97.97297297297297
TGCCCGAC	229	7	236	97.03389830508475
CCCCCCTG	150	6	156	96.15384615384616
TGCCCGAG	251	1	252	99.60317460317461
CTCCAACT	97	10	107	90.65420560747664
ACAAATTG	65	1	66	98.48484848484848
ACAAATTA	20	3	23	86.95652173913044
TCGTGGGA	213	9	222	95.94594594594594
TCGTGGGC	225	23	248	90.7258064516129
TGCCCGAT	177	11	188	94.14893617021278
CCCCCCTT	118	9	127	92.91338582677166
ACTACTAT	69	10	79	87.34177215189874
ACAAATTT	11	0	11	100.0
CGTACACA	185	5	190	97.36842105263158
CTCCAACA	109	6	115	94.78260869565217
CTCCAACC	85	9	94	90.42553191489363
GCGGCATG	228	22	250	91.2
CATATGGA	81	1	82	98.78048780487805
AGGAGTGC	74	1	75	98.66666666666667
AGCTTTGT	85	9	94	90.42553191489363
TCAGTGGT	171	18	189	90.47619047619048
AGGTGCAC	105	0	105	100.0
CATACACA	62	3	65	95.38461538461539
GGCTTTGT	154	4	158	97.46835443037975
CATACACC	48	2	50	96.0
GTTCCCCA	86	11	97	88.65979381443299
TTGCGTAA	97	0	97	100.0
CTTGATAA	44	2	46	95.65217391304348
CATACACT	72	3	75	96.0
GAATGAGC	79	0	79	100.0
TCAGTGGG	210	20	230	91.30434782608695
GGCTTTGA	141	7	148	95.27027027027027
GGCTTTGG	210	7	217	96.7741935483871
TCAGTGGC	139	7	146	95.2054794520548
GGTGCCGG	181	2	183	98.90710382513662
TATTCCAT	40	2	42	95.23809523809523
GGTTGATG	215	13	228	94.2982456140351
GGTTGATC	128	9	137	93.43065693430657
GCTCAGAA	112	6	118	94.91525423728814
AACAAGGT	44	0	44	100.0
CTCGTATG	217	7	224	96.875
GCTCAGAT	165	4	169	97.63313609467455
ATCGAAAC	46	1	47	97.87234042553192
GCCCACGA	280	5	285	98.24561403508771
CGTCTTAG	118	4	122	96.72131147540983
AGTGCGCA	219	6	225	97.33333333333334
CTCGACGT	169	6	175	96.57142857142857
ATACGATT	70	0	70	100.0
AGTGCGCT	160	7	167	95.80838323353294
CTCGACGC	170	7	177	96.045197740113
TATCATAT	63	5	68	92.64705882352942
CTCGACGG	269	7	276	97.46376811594203
CTGCGAAG	127	2	129	98.44961240310077
TATGCCCC	87	2	89	97.75280898876404
CCATTCCT	122	2	124	98.38709677419355
GTTTGGGC	227	3	230	98.69565217391305
CGGATGTC	161	5	166	96.98795180722891
ATAATGAT	63	2	65	96.92307692307692
TCTAATAG	74	7	81	91.35802469135803
CACTCCAC	127	2	129	98.44961240310077
GCATTACA	163	9	172	94.76744186046511
TGGACTAT	113	3	116	97.41379310344827
AAAGTGGG	109	3	112	97.32142857142857
AAAGTGGC	75	0	75	100.0
GCGCGTAC	273	18	291	93.81443298969072
ATTTGTTT	57	2	59	96.61016949152543
GCGCGTAA	274	21	295	92.88135593220339
TATGCCCG	165	4	169	97.63313609467455
TTCCGAGT	148	10	158	93.67088607594937
ATACGATC	97	6	103	94.1747572815534
ATACGATA	104	8	112	92.85714285714286
AACAAGGA	40	5	45	88.88888888888889
TTCCGAGC	129	4	133	96.99248120300751
TCCGCGCG	371	14	385	96.36363636363636
TTCCGAGA	103	5	108	95.37037037037037
TTCCGAGG	162	11	173	93.64161849710982
AAACCATC	54	0	54	100.0
ATTTGTTA	68	2	70	97.14285714285714
TGGACTAC	65	6	71	91.54929577464789
TGAACTTG	94	5	99	94.94949494949495
GCGCCGTC	260	3	263	98.85931558935361
GTCTACTA	80	3	83	96.3855421686747
ACCACACC	91	1	92	98.91304347826086
TGAACTTT	58	0	58	100.0
ACCACACG	117	1	118	99.15254237288136
TACATGGT	138	13	151	91.3907284768212
AAGCTCGC	126	11	137	91.97080291970804
GCATGCTG	254	4	258	98.44961240310077
GCATGCTA	233	10	243	95.88477366255144
GCATGCTT	162	2	164	98.78048780487805
GATCTCGA	155	5	160	96.875
GATCTCGC	119	5	124	95.96774193548387
GTGGCCAA	210	6	216	97.22222222222221
TTATTCGA	90	3	93	96.7741935483871
GTGGCCAG	222	14	236	94.0677966101695
GATCTCGG	144	4	148	97.2972972972973
TCTGTGGT	192	5	197	97.46192893401016
GATCTCGT	137	8	145	94.48275862068965
GTGGCCAT	172	11	183	93.98907103825137
TACATCCG	105	3	108	97.22222222222221
TCTGTGGC	207	7	214	96.72897196261682
TACATCCA	108	12	120	90.0
TCTGTGGA	188	5	193	97.40932642487047
CCTAGATC	56	3	59	94.91525423728814
AACCGCAT	165	15	180	91.66666666666666
ACGGAGCA	268	17	285	94.03508771929825
AACCGCAG	142	5	147	96.5986394557823
ATATTAAA	10	0	10	100.0
ACCGCCAG	148	2	150	98.66666666666667
ACCACACT	93	10	103	90.29126213592234
CCTAGATT	78	0	78	100.0
ATGCGCAA	161	9	170	94.70588235294117
GGGCATGA	566	11	577	98.09358752166378
CAACTTTG	142	0	142	100.0
CAACTTTA	63	0	63	100.0
CAACTTTC	51	2	53	96.22641509433963
GGCCTGCC	203	1	204	99.50980392156863
CAACAACT	23	3	26	88.46153846153845
GACGGGAG	262	8	270	97.03703703703704
AAAAACTA	29	3	32	90.625
ACCGTTCG	344	22	366	93.98907103825137
AATTTGCA	69	15	84	82.14285714285714
AATTTGCC	78	9	87	89.65517241379311
CAACAACC	56	9	65	86.15384615384616
CAACAACA	73	3	76	96.05263157894737
AATTTGCG	127	6	133	95.48872180451127
TTTTCGTC	172	10	182	94.5054945054945
TTTTCGTA	114	10	124	91.93548387096774
TCGCGGGT	264	10	274	96.35036496350365
GGGGTTTT	64	5	69	92.7536231884058
TAAGTTTT	35	3	38	92.10526315789474
GTGGCTCG	317	3	320	99.0625
GGAAGGGC	98	0	98	100.0
TTTTCGTT	135	0	135	100.0
GGGGTTTC	130	2	132	98.48484848484848
TCGCGGGC	355	18	373	95.17426273458445
GGGGTTTG	168	3	171	98.24561403508771
AACTTTTG	98	4	102	96.07843137254902
AACTTTTC	72	0	72	100.0
AACAACCA	106	2	108	98.14814814814815
CCGGACCT	254	18	272	93.38235294117648
ACAATATT	51	0	51	100.0
AACTTTTT	27	3	30	90.0
GGAATTAA	66	2	68	97.05882352941177
ACAATATC	59	2	61	96.72131147540983
ACAATATA	54	8	62	87.09677419354838
GATTTGTG	245	12	257	95.3307392996109
CAATTCGG	86	8	94	91.48936170212765
CAATTCGA	49	2	51	96.07843137254902
AATCCCTT	44	3	47	93.61702127659575
CAATTCGT	45	6	51	88.23529411764706
GTTCAGAA	94	9	103	91.2621359223301
GTTCAGAC	191	21	212	90.09433962264151
GAGGACCC	79	6	85	92.94117647058823
GTTCAGAG	151	8	159	94.9685534591195
GACTAAGT	76	8	84	90.47619047619048
TAGCCCCG	179	13	192	93.22916666666666
TACAAGGT	48	4	52	92.3076923076923
GCCAATGA	162	3	165	98.18181818181819
GCCAATGC	146	5	151	96.68874172185431
TGACACCC	146	14	160	91.25
CTCATGCC	167	8	175	95.42857142857143
GACTAAGG	115	6	121	95.0413223140496
CTCATGCA	179	10	189	94.70899470899471
TACAAGGC	60	4	64	93.75
CTCATGCG	188	15	203	92.61083743842364
TACAAGGG	77	9	86	89.53488372093024
GCGGGTGA	233	28	261	89.272030651341
GCACCACT	108	7	115	93.91304347826087
ATAATTCG	56	5	61	91.80327868852459
ACTAAAAT	21	1	22	95.45454545454545
ATAATTCA	48	8	56	85.71428571428571
AACCAAAC	45	6	51	88.23529411764706
GGGATACA	69	10	79	87.34177215189874
CTACGAAT	65	7	72	90.27777777777779
ACTAAAAA	30	0	30	100.0
ACTAAAAG	44	2	46	95.65217391304348
TTCCAGTA	131	11	142	92.25352112676056
CTACGAAG	84	0	84	100.0
AGGATAGG	65	7	72	90.27777777777779
TTCCCCGT	186	0	186	100.0
TTCCCCGA	149	1	150	99.33333333333333
TATGAGAC	76	6	82	92.6829268292683
GCCCCCAC	276	29	305	90.49180327868852
ACTTCCCT	146	10	156	93.58974358974359
TCCGATCA	128	8	136	94.11764705882352
ACTTCCCC	147	14	161	91.30434782608695
AAGAGTTA	55	0	55	100.0
AAGAGTTG	28	1	29	96.55172413793103
CCTACTGG	236	6	242	97.52066115702479
AAGCCACT	107	1	108	99.07407407407408
CCTACTGA	192	1	193	99.48186528497409
AAGCCACA	132	2	134	98.50746268656717
GTACCCGG	316	28	344	91.86046511627907
ATGGATGA	200	14	214	93.45794392523365
CCTACTGT	208	14	222	93.69369369369369
GAATTCGG	161	15	176	91.47727272727273
GTACCCGA	235	25	260	90.38461538461539
TGGTACAT	175	16	191	91.62303664921467
ACGCCGCC	331	24	355	93.2394366197183
CTCCGTAT	313	16	329	95.13677811550151
ACGCCGCT	376	32	408	92.15686274509804
TGGTACAA	183	7	190	96.3157894736842
TGGTACAC	218	18	236	92.37288135593221
TGGAGAAT	37	0	37	100.0
CGCTCTAG	186	15	201	92.53731343283582
TCCTCATG	158	12	170	92.94117647058823
GGACTTGT	259	12	271	95.5719557195572
GCCTTGTT	321	21	342	93.85964912280701
TTACCCTG	292	13	305	95.73770491803279
CGCCACCC	402	33	435	92.41379310344827
TTACCCTA	223	5	228	97.80701754385966
GGACTTGG	272	7	279	97.4910394265233
AGGACTCG	158	3	161	98.13664596273291
GGACTTGC	230	18	248	92.74193548387096
AGGACTCA	166	8	174	95.40229885057471
GGACTTGA	204	21	225	90.66666666666666
AGGACTCC	99	0	99	100.0
CGCCACCT	307	14	321	95.6386292834891
CTCACTCG	285	22	307	92.83387622149837
GTTGTAAG	213	19	232	91.8103448275862
TGACTCGA	243	18	261	93.10344827586206
CGCTACTG	257	13	270	95.18518518518519
GTTGTAAT	146	1	147	99.31972789115646
GCCTTTTT	154	12	166	92.7710843373494
ACTTCTAC	173	14	187	92.51336898395722
ACTTCTAA	122	8	130	93.84615384615384
GTTCCGTT	291	26	317	91.7981072555205
ACTTCTAG	174	3	177	98.30508474576271
CCTTCATC	179	17	196	91.3265306122449
CCTTCATA	166	17	183	90.7103825136612
TGCCAGGT	257	21	278	92.44604316546763
CCTTCATG	264	27	291	90.72164948453609
TGCGGCCC	248	2	250	99.2
CCTTTGCC	247	11	258	95.73643410852713
CCTTTGCG	334	32	366	91.2568306010929
TGCCAGGA	291	17	308	94.48051948051948
TGTCTATG	245	21	266	92.10526315789474
TGCCAGGC	249	25	274	90.87591240875912
CCTTCATT	161	17	178	90.4494382022472
TGCCAGGG	309	15	324	95.37037037037037
GATGGGCA	361	30	391	92.32736572890026
GATGGGCC	209	18	227	92.07048458149781
CCTGTAGT	263	20	283	92.93286219081273
GTTCCTTC	182	21	203	89.65517241379311
TTTCAGGC	151	11	162	93.20987654320987
TGCCTCTT	228	18	246	92.6829268292683
TTTCAGGA	171	13	184	92.93478260869566
GTTCCTTG	278	20	298	93.28859060402685
GGACCATC	228	32	260	87.6923076923077
GGACCATA	226	20	246	91.869918699187
CCTGTAGA	155	25	180	86.11111111111111
CGATTTAC	114	5	119	95.7983193277311
CCTGTAGC	263	6	269	97.76951672862454
CGATTTAA	82	12	94	87.2340425531915
CGATTTAG	200	6	206	97.0873786407767
CCTGTAGG	268	14	282	95.0354609929078
TGCCTCTG	362	32	394	91.87817258883248
GGACCATT	163	20	183	89.07103825136612
TGCCTCTC	280	18	298	93.95973154362416
GTTCCTTT	170	19	189	89.94708994708994
TTTAATTA	93	4	97	95.87628865979381
TTTAATTG	120	17	137	87.59124087591242
CGAGGTCG	230	16	246	93.4959349593496
CGAGGTCC	131	16	147	89.1156462585034
TGTACCAC	188	4	192	97.91666666666666
TTTAATTT	33	3	36	91.66666666666666
CTTCGCCA	294	29	323	91.02167182662538
CTTCGCCC	280	28	308	90.9090909090909
GTCCAGAA	123	15	138	89.13043478260869
GGCGATTC	100	5	105	95.23809523809523
TCGCTGCA	338	37	375	90.13333333333333
AAAGGGTT	56	2	58	96.55172413793103
TACTTTCT	91	6	97	93.81443298969072
TCGGGTCG	447	31	478	93.51464435146444
GGAACACT	39	4	43	90.69767441860465
ATGAGACT	30	0	30	100.0
TACTTTCA	115	8	123	93.4959349593496
AAAGGGTA	115	5	120	95.83333333333334
TACTTTCC	111	6	117	94.87179487179486
AAAGGGTC	58	4	62	93.54838709677419
TCGGGTCT	266	15	281	94.66192170818505
TCGCTGCT	271	26	297	91.24579124579124
GCCTCTCA	248	8	256	96.875
GCCTCTCG	393	5	398	98.74371859296483
AACGTCCT	133	1	134	99.25373134328358
GTAATCAC	90	9	99	90.9090909090909
TATGCGTA	391	8	399	97.99498746867168
GTAATCAA	136	2	138	98.55072463768117
TATGCGTG	488	8	496	98.38709677419355
AATCATCT	105	10	115	91.30434782608695
TAGCATCA	397	21	418	94.97607655502392
CCCCGTTT	278	13	291	95.53264604810997
AATCATCC	153	7	160	95.625
AATCATCG	199	9	208	95.67307692307693
GTAATTTC	77	5	82	93.90243902439023
AATCAAAA	45	4	49	91.83673469387756
GTAATTTA	124	8	132	93.93939393939394
CACGGTAC	327	9	336	97.32142857142857
CCTGCCTG	198	40	238	83.19327731092437
CACGTCGG	592	14	606	97.6897689768977
TGATTCTA	48	4	52	92.3076923076923
CTGACTGA	95	12	107	88.78504672897196
CTGACTGC	116	12	128	90.625
GTAGAGCC	43	5	48	89.58333333333334
GTGCCTAT	286	15	301	95.01661129568106
CTGACTGG	147	7	154	95.45454545454545
GTAGAGCG	112	8	120	93.33333333333333
AGTGCTGG	175	2	177	98.87005649717514
CATTATGG	109	0	109	100.0
GTAGAGCT	31	7	38	81.57894736842105
CTGACTGT	132	2	134	98.50746268656717
AGTGCTGA	110	1	111	99.09909909909909
CATTATGA	62	0	62	100.0
GTTTCTCG	155	6	161	96.27329192546584
GTTTCTCA	90	1	91	98.9010989010989
CCTGCCTA	164	21	185	88.64864864864866
GTTTCTCC	72	4	76	94.73684210526315
CTGCTCTG	298	14	312	95.51282051282051
ACTTGACA	98	10	108	90.74074074074075
ACTTGACC	95	10	105	90.47619047619048
GTTTCTCT	49	7	56	87.5
GTGCTCAT	324	9	333	97.2972972972973
CATTGCGC	190	11	201	94.5273631840796
ACGGTTGA	271	15	286	94.75524475524476
AGAACACT	27	1	28	96.42857142857143
CATTGCGA	167	6	173	96.53179190751445
ACATGGCA	110	13	123	89.43089430894308
AGTGGGGG	119	2	121	98.34710743801654
AGTGGGGA	82	7	89	92.13483146067416
ACATGGCG	252	5	257	98.0544747081712
AGAACACG	47	2	49	95.91836734693877
AGTGGGGT	86	7	93	92.47311827956989
ACCTTCCA	70	10	80	87.5
ACGGCGGA	241	10	251	96.01593625498009
CTTGTTAA	175	3	178	98.31460674157303
CTGACAAT	111	6	117	94.87179487179486
ACGGCGGT	430	14	444	96.84684684684684
CCTGCCTT	341	5	346	98.55491329479769
CTGACAAG	177	6	183	96.72131147540983
CTGACAAC	136	6	142	95.77464788732394
TTAAACGA	104	6	110	94.54545454545455
TCGGACGA	425	2	427	99.53161592505855
GCGATAAT	180	5	185	97.2972972972973
AGGCCGTA	361	15	376	96.01063829787235
TCGGACGG	519	7	526	98.66920152091255
TGCATGGA	364	4	368	98.91304347826086
GTCAACGC	187	0	187	100.0
GTCAACGG	299	1	300	99.66666666666667
CTAGTAAC	140	3	143	97.9020979020979
GCGATAAA	172	7	179	96.08938547486034
CTAGTAAA	112	8	120	93.33333333333333
GCGATAAC	221	23	244	90.57377049180327
CTAGTAAG	126	19	145	86.89655172413792
AACTGCAT	168	14	182	92.3076923076923
ATATCCTA	101	16	117	86.32478632478633
TATCTACT	151	6	157	96.17834394904459
AATGCGGG	339	16	355	95.49295774647887
CCCCAACG	207	5	212	97.64150943396226
AATGCGGA	300	11	311	96.46302250803859
TATCTACA	155	7	162	95.67901234567901
ATCTCGAA	156	15	171	91.22807017543859
TTCACGGG	243	5	248	97.98387096774194
AATGCGGT	259	11	270	95.92592592592592
TCCATCTC	195	8	203	96.05911330049261
TCCATCTG	321	21	342	93.85964912280701
TGCTGGTA	381	25	406	93.8423645320197
TGCTGGTC	430	6	436	98.62385321100918
GGGGGATA	250	26	276	90.57971014492753
GGCGGCTT	406	16	422	96.2085308056872
TCGGTCGG	656	25	681	96.32892804698973
CGACACCA	422	18	440	95.9090909090909
CCGTCTGC	281	12	293	95.90443686006826
GGACGAAT	148	4	152	97.36842105263158
AACCGGTC	255	16	271	94.0959409594096
GGCGGCTA	407	15	422	96.44549763033176
TGCTGGTT	374	3	377	99.20424403183023
AACCGGTG	339	22	361	93.90581717451524
TTCTTTGT	168	6	174	96.55172413793103
TCGGTCGT	440	32	472	93.22033898305084
CGACACCT	238	11	249	95.58232931726907
GAAATAAT	28	1	29	96.55172413793103
TTAGGATG	370	9	379	97.62532981530343
TTAGGATC	143	6	149	95.9731543624161
GAAATAAA	26	0	26	100.0
GAAATAAC	44	2	46	95.65217391304348
GAAATAAG	61	4	65	93.84615384615384
TTAGGATT	96	0	96	100.0
CCGAGGCG	273	19	292	93.4931506849315
CCGAGGCC	226	4	230	98.26086956521739
TAGTACCG	226	9	235	96.17021276595744
TAGTACCA	221	20	241	91.70124481327801
TCTGGTTT	34	2	36	94.44444444444444
ATGATCGT	203	11	214	94.85981308411215
CCAGGTAG	263	3	266	98.87218045112782
CCAGGTAA	201	6	207	97.10144927536231
CCGCCAAT	263	17	280	93.92857142857143
AGTCGGAC	41	8	49	83.6734693877551
TCTGGCTT	38	5	43	88.37209302325581
AAATACGG	45	3	48	93.75
TCGGTGCG	478	32	510	93.72549019607843
CCGCCAAA	302	12	314	96.17834394904459
TCGGTGCC	89	5	94	94.68085106382979
GTTTAGAC	101	3	104	97.11538461538461
ATGATCGC	217	8	225	96.44444444444444
TAGTGTCC	133	7	140	95.0
TAGCCTTG	278	12	290	95.86206896551724
GGCTTGGG	165	3	168	98.21428571428571
GACCTGCG	402	20	422	95.260663507109
GGCTTGGA	161	2	163	98.77300613496932
TAGCCTTC	236	7	243	97.11934156378601
GGCTTGGC	182	6	188	96.80851063829788
TAGCCTTA	265	5	270	98.14814814814815
TTTCTGAG	246	6	252	97.61904761904762
ACCCTGGG	365	10	375	97.33333333333334
CTAATCGT	155	2	157	98.72611464968153
AGTACCGT	204	7	211	96.6824644549763
ACCCTGGC	318	10	328	96.95121951219512
GACCTGCT	287	5	292	98.28767123287672
ATTGCGAT	220	12	232	94.82758620689656
TAGCCTTT	178	10	188	94.68085106382979
AGATAGGC	128	4	132	96.96969696969697
TCCGTAAT	205	4	209	98.08612440191388
ACCCTGGT	95	10	105	90.47619047619048
AGTACCGC	93	5	98	94.89795918367348
CTAATCGC	69	2	71	97.1830985915493
AAAACCGC	44	2	46	95.65217391304348
AGTACCGG	164	8	172	95.34883720930233
CTAATCGG	135	5	140	96.42857142857143
ATGTCACC	104	8	112	92.85714285714286
ACTCGGTG	428	14	442	96.83257918552036
AACGCCCT	118	0	118	100.0
TTTGTTAT	89	0	89	100.0
ACTCGGTC	178	5	183	97.26775956284153
AGCACCCC	78	3	81	96.29629629629629
CCAATAAG	115	3	118	97.45762711864407
CGAGTCCT	174	6	180	96.66666666666667
GTCGGATT	118	1	119	99.15966386554622
AACGCCCG	90	0	90	100.0
TATTCCCC	79	0	79	100.0
TATTCCCA	123	1	124	99.19354838709677
AACGCCCC	122	0	122	100.0
TATTCCCG	112	14	126	88.88888888888889
AACGCCCA	79	5	84	94.04761904761905
TTTGTTAG	131	11	142	92.25352112676056
GTCGGATC	135	9	144	93.75
TCCAAACC	72	1	73	98.63013698630137
CGAGTCCG	324	2	326	99.38650306748467
ATGAAGTG	107	4	111	96.3963963963964
GTGCCGCG	271	20	291	93.12714776632302
ATGAAGTC	48	1	49	97.95918367346938
CCAGGGGT	114	0	114	100.0
CTTGTATA	212	5	217	97.6958525345622
CGTCTTGT	140	7	147	95.23809523809523
GTGCCGCT	204	16	220	92.72727272727272
CCAGGGGC	102	3	105	97.14285714285714
ATGAAGTT	36	0	36	100.0
CCAGGGGG	124	4	128	96.875
CGTCTTGG	196	7	203	96.55172413793103
CGTCTTGC	180	11	191	94.24083769633508
TAAATTGC	63	2	65	96.92307692307692
TCCAGAGA	114	5	119	95.7983193277311
TCCAGAGG	75	3	78	96.15384615384616
TTAGCTGC	138	6	144	95.83333333333334
TTCACCCG	151	4	155	97.41935483870968
TTCACCCC	83	3	86	96.51162790697676
TTCACCCA	126	5	131	96.18320610687023
TTAGCTGT	109	4	113	96.46017699115043
GAGCCGGT	241	4	245	98.36734693877551
GCGTTGGC	365	43	408	89.4607843137255
ATAATGGG	102	5	107	95.32710280373831
TTCACCCT	85	5	90	94.44444444444444
ATAATGGA	75	1	76	98.68421052631578
TCTAAAAG	44	0	44	100.0
TCTAAAAC	39	6	45	86.66666666666667
TCTAATGG	116	6	122	95.08196721311475
TCTAATGA	77	3	80	96.25
CGACTCTG	118	10	128	92.1875
TGAAGAAC	23	1	24	95.83333333333334
CAATGCAA	83	10	93	89.24731182795699
CCATTCAT	64	9	73	87.67123287671232
ATTCACTG	130	10	140	92.85714285714286
CCCGACCT	109	10	119	91.59663865546219
ATTCACTC	61	10	71	85.91549295774648
GGGTCCCA	142	19	161	88.19875776397515
TGTCCTTA	112	7	119	94.11764705882352
TGTCCTTC	140	5	145	96.55172413793103
GGGTCCCG	153	13	166	92.16867469879519
CCCGACCA	192	6	198	96.96969696969697
CCCGACCG	308	23	331	93.05135951661632
TGTCCTTT	199	7	206	96.60194174757282
AGTTGTAA	55	3	58	94.82758620689656
GATCTCAG	55	10	65	84.61538461538461
ATTGCTCC	26	6	32	81.25
CGGGAGTG	253	13	266	95.11278195488721
AACTAATT	38	0	38	100.0
GCAAGCGT	147	6	153	96.07843137254902
CTCGAGGC	209	0	209	100.0
TTCGCGAA	268	1	269	99.62825278810409
TCTGTGAG	270	14	284	95.07042253521126
CGGGAGTT	187	2	189	98.94179894179894
GCAAGCGG	322	1	323	99.69040247678018
GTCGAGAA	148	1	149	99.32885906040269
AACTAATG	111	1	112	99.10714285714286
GTCGAGAC	211	7	218	96.78899082568807
CCACCACC	281	24	305	92.1311475409836
AACTAATC	68	0	68	100.0
GGGCATAT	309	3	312	99.03846153846155
AAGGCCAA	192	5	197	97.46192893401016
ACGGAGAT	139	16	155	89.6774193548387
AAGGCCAC	149	11	160	93.125
GTCCTGGA	308	22	330	93.33333333333333
AAATATTC	27	2	29	93.10344827586206
GTCCTGGC	306	12	318	96.22641509433963
GAAACTAT	46	1	47	97.87234042553192
GGGCATAG	282	18	300	94.0
GGGCATAA	238	24	262	90.83969465648855
GTCCTGGT	367	28	395	92.91139240506328
ACGGAGAG	165	3	168	98.21428571428571
GGCGCTTT	210	15	225	93.33333333333333
ATGCGCCA	368	22	390	94.35897435897435
GCATAAAT	90	3	93	96.7741935483871
CATCGCTA	316	15	331	95.46827794561933
CTTCCTTT	178	8	186	95.6989247311828
TAAACCGT	86	11	97	88.65979381443299
CATCGCTG	367	24	391	93.86189258312021
ATCGGTGC	308	16	324	95.06172839506173
TAGCGTTA	286	11	297	96.29629629629629
CAACAAAA	31	3	34	91.17647058823529
TAAACCGA	105	4	109	96.3302752293578
TAAACCGC	109	3	112	97.32142857142857
CATCGCTT	245	18	263	93.15589353612167
CTTCCTTA	250	5	255	98.0392156862745
TAAACCGG	136	8	144	94.44444444444444
TATCGACC	88	3	91	96.7032967032967
CCCTAACT	48	1	49	97.95918367346938
ACGCTTTA	120	4	124	96.7741935483871
TGAGTCGT	204	10	214	95.32710280373831
AACAGTCG	186	14	200	93.0
AACAGTCC	85	7	92	92.3913043478261
AACAGTCA	152	8	160	95.0
CATGTACC	130	17	147	88.43537414965986
GATCGCTG	277	17	294	94.21768707482994
CTGGGGCC	124	11	135	91.85185185185185
GATCGCTA	274	18	292	93.83561643835617
AAGCGGTC	207	8	215	96.27906976744185
GATCGCTC	297	19	316	93.9873417721519
AAGCGGTA	251	13	264	95.07575757575758
TACGTACA	187	21	208	89.90384615384616
GAGGACAA	128	5	133	96.2406015037594
GATCGCTT	195	19	214	91.1214953271028
AAGCGGTT	149	9	158	94.30379746835443
TTCTAAGA	112	0	112	100.0
CTGGGGCT	152	4	156	97.43589743589743
AATCCACA	119	4	123	96.7479674796748
GTTCAGGA	184	17	201	91.54228855721394
CATGTACT	119	6	125	95.19999999999999
GCACCAAA	215	5	220	97.72727272727273
GCACCAAC	299	16	315	94.92063492063491
GAACAGCT	97	4	101	96.03960396039604
GCACCAAG	310	14	324	95.67901234567901
TCTCCAGT	243	7	250	97.2
GCTCGCAA	337	7	344	97.96511627906976
TAGCCCAT	272	10	282	96.45390070921985
GCTCGCAC	315	22	337	93.47181008902076
GAACAGCA	223	11	234	95.2991452991453
CCAGCAGC	219	6	225	97.33333333333334
GCACCAAT	272	9	281	96.79715302491103
GAACAGCG	220	11	231	95.23809523809523
GCTCGCAT	370	20	390	94.87179487179486
TGTTCGAG	301	15	316	95.25316455696202
TCTCCAGG	296	24	320	92.5
TCTCCAGA	234	16	250	93.60000000000001
TAGCCCAG	254	19	273	93.04029304029304
TGTTCGAA	253	6	259	97.68339768339769
TGGTTTAA	126	8	134	94.02985074626866
AAACTGAC	91	1	92	98.91304347826086
TACTGTTG	231	7	238	97.05882352941177
AAACTGAA	79	3	82	96.34146341463415
TACTGTTA	55	6	61	90.1639344262295
AAACTGAG	57	1	58	98.27586206896551
AACCAAGG	125	7	132	94.6969696969697
AACCAAGC	60	3	63	95.23809523809523
GCGCAGCT	107	6	113	94.69026548672566
AACCAAGA	58	3	61	95.08196721311475
TACTGTTT	76	6	82	92.6829268292683
TGGTTTAT	73	0	73	100.0
AAACTGAT	38	2	40	95.0
GCGCAGCC	139	7	146	95.2054794520548
AACCAAGT	55	0	55	100.0
CTCATGAT	115	6	121	95.0413223140496
GCGCAGCG	232	13	245	94.6938775510204
AGTTCGCG	192	2	194	98.96907216494846
AGTTCGCA	129	0	129	100.0
CTTTAATT	27	0	27	100.0
TAATATGT	54	2	56	96.42857142857143
AGAGCGTC	65	1	66	98.48484848484848
AGTTCGCT	107	10	117	91.45299145299145
AGAGCGTG	181	5	186	97.31182795698925
TTCCCCAA	251	7	258	97.28682170542635
AGCGCCAG	160	10	170	94.11764705882352
TAATATGA	51	4	55	92.72727272727272
ATATGACG	62	7	69	89.85507246376811
AGCGCCAC	129	2	131	98.47328244274809
AGCGCCAA	133	2	135	98.51851851851852
TAATATGG	105	3	108	97.22222222222221
TCCGATAA	105	6	111	94.5945945945946
GTGCAGGG	203	8	211	96.2085308056872
TCCGATAG	113	2	115	98.26086956521739
TAGGCAAG	81	0	81	100.0
CCCGTATA	109	0	109	100.0
TCCGATAT	97	1	98	98.9795918367347
CGCGACAA	137	15	152	90.13157894736842
GAGAGGCC	57	1	58	98.27586206896551
CTCGCTCA	128	3	131	97.70992366412213
ATATACTT	34	2	36	94.44444444444444
CGTACTGA	145	11	156	92.94871794871796
CCTCAATT	137	1	138	99.27536231884058
TGACTTTC	46	11	57	80.7017543859649
AGGCAAGT	89	3	92	96.73913043478261
TGACTTTA	80	3	83	96.3855421686747
GAGAGGCT	52	0	52	100.0
AATGGACA	138	3	141	97.87234042553192
AATGGACC	85	0	85	100.0
AGGCAAGA	60	6	66	90.9090909090909
AGGCAAGC	66	6	72	91.66666666666666
TGACTTTT	63	4	67	94.02985074626866
GAATTCAC	108	5	113	95.57522123893806
ATATACTA	35	3	38	92.10526315789474
CGGGGCTT	192	5	197	97.46192893401016
ATATACTC	30	5	35	85.71428571428571
ACCGTATG	354	23	377	93.89920424403184
ATACTATT	37	5	42	88.09523809523809
CAGATTTT	17	1	18	94.44444444444444
CCGCATCC	171	24	195	87.6923076923077
GCAAGGCA	193	8	201	96.01990049751244
AGTCCGAA	122	4	126	96.82539682539682
GGGCTTAC	142	9	151	94.03973509933775
CAGATTTA	47	3	50	94.0
TCCCAGTG	153	17	170	90.0
GACTTAAT	90	9	99	90.9090909090909
GGGCTTAG	167	21	188	88.82978723404256
ATACTATC	54	1	55	98.18181818181819
TCCCAGTC	142	3	145	97.93103448275862
ATACTATA	35	0	35	100.0
AGTCGAGG	74	7	81	91.35802469135803
CGTGCTAC	149	21	170	87.6470588235294
CGTGCTAA	134	4	138	97.10144927536231
CGTGCTAG	149	8	157	94.90445859872611
GCTTCAGC	145	6	151	96.02649006622516
GCTTCAGA	145	21	166	87.34939759036145
AGATGCCG	125	6	131	95.41984732824427
TAGCCCCA	144	7	151	95.36423841059603
GTCATACG	112	14	126	88.88888888888889
GTCATACA	62	11	73	84.93150684931507
TGACTCAG	131	16	147	89.1156462585034
CCAGTTTA	86	7	93	92.47311827956989
TGACTCAC	115	7	122	94.26229508196722
TGACTCAA	137	11	148	92.56756756756756
GTCATACT	78	3	81	96.29629629629629
TGACTCAT	107	6	113	94.69026548672566
TTCGAATT	42	3	45	93.33333333333333
GGACCTAT	81	9	90	90.0
CCTAAGCG	72	3	75	96.0
GATGGGAC	93	5	98	94.89795918367348
GATGGGAA	86	2	88	97.72727272727273
CCAGCTCT	112	6	118	94.91525423728814
GATGGGAT	94	4	98	95.91836734693877
TATAAACA	23	0	23	100.0
GGACCTAC	135	12	147	91.83673469387756
CGTTTCCT	99	8	107	92.5233644859813
CACGGAAA	55	0	55	100.0
CACGGAAC	65	8	73	89.04109589041096
CGTTTCCA	118	7	125	94.39999999999999
CGTTTCCC	100	4	104	96.15384615384616
CGTTTCCG	128	1	129	99.2248062015504
CACGGAAT	64	1	65	98.46153846153847
GACCAACT	74	5	79	93.67088607594937
TGCGGGAT	142	17	159	89.30817610062893
GACCCTTC	82	8	90	91.11111111111111
GACCCTTA	89	19	108	82.4074074074074
GACCCTTG	105	15	120	87.5
TGCGGGAG	99	18	117	84.61538461538461
AATATTTC	20	0	20	100.0
AATATTTA	25	0	25	100.0
AATATTTG	32	1	33	96.96969696969697
TCCGCCTC	108	0	108	100.0
TCCGCCTA	166	5	171	97.07602339181285
TCCGCCTG	172	2	174	98.85057471264368
AGCCAGCC	116	0	116	100.0
TTTCGTTG	88	0	88	100.0
AGCCAGCG	81	2	83	97.59036144578313
TTTCGTTC	76	0	76	100.0
CGCACTCC	94	2	96	97.91666666666666
GAGGGTTG	88	11	99	88.88888888888889
CCCGCGTA	138	14	152	90.78947368421053
GAGGGTTC	42	3	45	93.33333333333333
GAGGGTTA	80	7	87	91.95402298850574
CACCTGAG	99	3	102	97.05882352941177
CTTACAGG	63	10	73	86.3013698630137
CTTACAGA	47	2	49	95.91836734693877
CACCTGAC	120	18	138	86.95652173913044
CACCTGAA	105	6	111	94.5945945945946
ACAAGCTG	81	6	87	93.10344827586206
CACGGTCG	111	12	123	90.2439024390244
GTTCTCTG	103	2	105	98.09523809523809
CGCGTACT	128	13	141	90.78014184397163
CACGGTCA	141	5	146	96.57534246575342
AAAGCACC	21	2	23	91.30434782608695
TACTCGGG	241	12	253	95.25691699604744
AAAGCACG	60	10	70	85.71428571428571
GGTAGAAA	35	3	38	92.10526315789474
GGTAGAAC	41	4	45	91.11111111111111
TGACCAGT	193	2	195	98.97435897435898
GGTAGAAT	48	3	51	94.11764705882352
GTGCCTGG	195	17	212	91.98113207547169
TGGATCGC	334	7	341	97.94721407624634
GTGCCTGC	146	16	162	90.12345679012346
GTGCCTGA	183	13	196	93.36734693877551
GGTGACGT	104	23	127	81.88976377952756
TTACGGTC	102	13	115	88.69565217391305
GGAGGCGT	107	9	116	92.24137931034483
GGTGACGA	120	15	135	88.88888888888889
GGTGACGC	131	13	144	90.97222222222221
GGTGACGG	170	20	190	89.47368421052632
GGAGGCGA	95	11	106	89.62264150943396
CTCCATTT	79	4	83	95.18072289156626
GTGCGGGC	143	19	162	88.27160493827161
CTCCATTA	74	3	77	96.1038961038961
GTGCGGGT	151	21	172	87.79069767441861
CCTCAAAA	70	2	72	97.22222222222221
CTTGTTGG	388	18	406	95.56650246305419
ACCGCGTA	157	1	158	99.36708860759494
ACCGCGTC	180	2	182	98.9010989010989
CAGCTTGG	128	16	144	88.88888888888889
CAGCTTGC	93	8	101	92.07920792079209
TGACCAGC	176	20	196	89.79591836734694
TTGGCGCA	184	17	201	91.54228855721394
TTGGCGCC	124	14	138	89.85507246376811
TTGGCGCG	224	3	227	98.6784140969163
TGGTGCCT	96	7	103	93.20388349514563
TTGGCGCT	210	3	213	98.59154929577466
GTTGGCGG	413	6	419	98.56801909307876
TGGTGCCA	413	8	421	98.09976247030879
TGGTGCCC	338	10	348	97.12643678160919
AGAGCTTA	76	0	76	100.0
CCCCAAAC	169	2	171	98.83040935672514
TGAGCTGT	239	2	241	99.1701244813278
CCCCAAAG	135	1	136	99.26470588235294
TTTGAAGG	151	2	153	98.69281045751634
TGAGCTGG	256	4	260	98.46153846153847
TTTGATAT	73	4	77	94.8051948051948
TGAGCTGC	207	24	231	89.6103896103896
CCCCAAAT	114	15	129	88.37209302325581
TTTGAAGT	85	5	90	94.44444444444444
GTGTTTCC	219	7	226	96.90265486725663
GTGTTTCG	304	14	318	95.59748427672956
GATCACTG	247	6	253	97.62845849802372
CCGTCAGC	302	13	315	95.87301587301587
GACCTTGT	252	5	257	98.0544747081712
GATCACTC	171	7	178	96.06741573033707
CCGTCAGG	295	7	302	97.68211920529801
GATCACTA	190	3	193	98.44559585492227
AGACGGGT	166	9	175	94.85714285714286
GACCTTGG	226	12	238	94.9579831932773
GAAGAAAT	24	0	24	100.0
GATCACTT	114	7	121	94.21487603305785
GACCTTGC	182	14	196	92.85714285714286
CCGTCAGT	277	19	296	93.58108108108108
GCTTGCGA	409	16	425	96.23529411764706
GCTTGCGC	376	17	393	95.67430025445293
TATGGCTC	196	6	202	97.02970297029702
GAACCCTG	157	5	162	96.91358024691358
TATGGCTG	286	9	295	96.94915254237289
GATGAATA	106	1	107	99.06542056074767
CGTTAAGT	153	3	156	98.07692307692307
CCGGCCCA	423	15	438	96.57534246575342
CCGGCCCG	420	15	435	96.55172413793103
GATGAATG	171	4	175	97.71428571428571
TATGGCTT	166	9	175	94.85714285714286
GCTTGCGT	365	10	375	97.33333333333334
GAACCCTT	114	5	119	95.7983193277311
GATGAATT	53	1	54	98.14814814814815
CCGGCCCT	284	9	293	96.9283276450512
TCTATAGT	103	9	112	91.96428571428571
TTATGTAA	153	8	161	95.03105590062113
GGGTTTAA	166	1	167	99.40119760479041
TTATGTAC	161	4	165	97.57575757575758
GGGTTTAC	146	7	153	95.42483660130719
CTAAGGGA	103	1	104	99.03846153846155
CTAAGGGC	82	4	86	95.34883720930233
CTAAGGGG	87	3	90	96.66666666666667
GGGTTTAT	72	1	73	98.63013698630137
ACGTCCAA	91	2	93	97.84946236559139
ACGTCCAC	140	4	144	97.22222222222221
GTTTAGGA	120	1	121	99.17355371900827
TCTATAGA	109	1	110	99.0909090909091
CTAAGGGT	72	1	73	98.63013698630137
ACATACGT	117	3	120	97.5
GACTCACC	107	8	115	93.04347826086956
ACCAGAGT	78	2	80	97.5
TTTCTGCC	113	0	113	100.0
GACTCACG	164	0	164	100.0
GATCATAG	127	4	131	96.94656488549617
GATCATAC	88	1	89	98.87640449438202
GATCATAA	74	1	75	98.66666666666667
ACCAGAGA	72	2	74	97.2972972972973
ACCAGAGC	58	3	61	95.08196721311475
ACATACGC	111	2	113	98.23008849557522
ACCAGAGG	79	2	81	97.53086419753086
CCGATGAT	79	3	82	96.34146341463415
CCAATAGG	54	3	57	94.73684210526315
CCAATAGA	70	2	72	97.22222222222221
GAGGAGTT	59	0	59	100.0
CGAGTCAT	98	13	111	88.28828828828829
GAGGAGTA	76	5	81	93.82716049382715
GAGGAGTG	99	6	105	94.28571428571428
CCGATGAA	82	4	86	95.34883720930233
CGAGTCAG	94	3	97	96.90721649484536
TCCAAAAC	38	0	38	100.0
CGAGTCAA	105	0	105	100.0
CGATGCTT	77	0	77	100.0
CGCGCTAC	136	2	138	98.55072463768117
CGATGCTG	81	0	81	100.0
CCTCCTGG	129	8	137	94.16058394160584
CGATGCTC	94	12	106	88.67924528301887
CCTCCTGC	144	10	154	93.5064935064935
CGCTATGG	129	14	143	90.20979020979021
CGCTATGA	123	3	126	97.61904761904762
CGCTATGC	107	13	120	89.16666666666667
CGAAGGGT	42	6	48	87.5
CGCTATGT	118	12	130	90.76923076923077
CGAAGGGA	61	2	63	96.82539682539682
ACAGGCCG	170	3	173	98.26589595375722
TTAAATCA	85	2	87	97.70114942528735
AGGGGGGG	123	0	123	100.0
CAATGTAA	33	3	36	91.66666666666666
AAGATAAA	13	0	13	100.0
ACAGGCCA	111	11	122	90.98360655737704
GCAGCTAG	116	2	118	98.30508474576271
GCAGCTAA	110	4	114	96.49122807017544
GCAGCTAC	98	3	101	97.02970297029702
GAAGTCGG	99	2	101	98.01980198019803
ACAGGCCT	90	10	100	90.0
GAAGTCGC	63	5	68	92.64705882352942
GAAGTCGA	87	8	95	91.57894736842105
GTGACACA	87	8	95	91.57894736842105
GTGACACC	64	1	65	98.46153846153847
GTGACACT	82	9	91	90.10989010989012
GCCCTTTC	95	10	105	90.47619047619048
GTAGGCGT	95	3	98	96.93877551020408
CAGAAGAT	22	0	22	100.0
ATGAGTGA	72	7	79	91.13924050632912
GTAGGCGG	119	6	125	95.19999999999999
CAGAAGAA	21	0	21	100.0
GTAGGCGC	109	2	111	98.1981981981982
GTAGGCGA	109	6	115	94.78260869565217
CCACCAAT	64	4	68	94.11764705882352
TTCGCGCG	216	1	217	99.53917050691244
CTCGAGAG	52	1	53	98.11320754716981
TTCGCGCA	150	8	158	94.9367088607595
CTCGAGAA	32	0	32	100.0
CTCGAGAC	74	2	76	97.36842105263158
ATAACGAA	40	4	44	90.9090909090909
GTCGAGCT	90	1	91	98.9010989010989
TGGCACCG	126	7	133	94.73684210526315
TGGCACCC	111	8	119	93.27731092436974
CTCGAGAT	79	4	83	95.18072289156626
TTCGCGCT	137	2	139	98.56115107913669
CCACCAAG	119	9	128	92.96875
CCACCAAC	80	18	98	81.63265306122449
GTCGAGCG	108	7	115	93.91304347826087
ATAACGAT	47	2	49	95.91836734693877
GTCGAGCC	83	3	86	96.51162790697676
GTCGAGCA	100	5	105	95.23809523809523
GGTGTGCG	186	13	199	93.46733668341709
ATGCAGTT	86	7	93	92.47311827956989
GGTGTGCA	157	15	172	91.27906976744185
CTTTACCT	34	1	35	97.14285714285714
CGGTATCC	85	5	90	94.44444444444444
ATGCAGTC	80	10	90	88.88888888888889
GGTGTGCT	154	16	170	90.58823529411765
ATGCAGTG	147	19	166	88.55421686746988
CGGTATCT	115	8	123	93.4959349593496
CATCGAAA	42	2	44	95.45454545454545
TTCCTGCA	124	7	131	94.65648854961832
TTCCTGCG	117	3	120	97.5
GCGGTCGG	193	19	212	91.0377358490566
TTCCTGCT	73	4	77	94.8051948051948
AGTGGCTA	124	7	131	94.65648854961832
TATCGAAT	45	3	48	93.75
TCAAGCGT	110	10	120	91.66666666666666
ACCGGCAG	243	14	257	94.55252918287937
TGTGACGG	359	20	379	94.72295514511873
TATCGAAA	86	1	87	98.85057471264368
TCAAGCGC	134	1	135	99.25925925925925
TCAAGCGA	148	0	148	100.0
TCAAGCGG	187	7	194	96.3917525773196
CCCATTAT	147	11	158	93.0379746835443
ATTCCTCG	172	1	173	99.42196531791907
ATTCCTCA	109	6	115	94.78260869565217
ATGGATGC	202	16	218	92.66055045871559
AGCTGGGC	187	1	188	99.46808510638297
CATGTAAC	122	2	124	98.38709677419355
AGCTGGGG	209	7	216	96.75925925925925
CATGTAAG	157	5	162	96.91358024691358
GACGGCAT	228	11	239	95.39748953974896
CACACTGC	218	1	219	99.54337899543378
TACCTGAG	152	2	154	98.7012987012987
GACGGCAA	207	13	220	94.0909090909091
AAAATCTT	12	0	12	100.0
GACGGCAG	238	5	243	97.94238683127571
AATCCAAG	86	3	89	96.62921348314607
TACCTGAA	161	3	164	98.17073170731707
CCGGTGTC	256	12	268	95.52238805970148
CCGGTGTA	342	15	357	95.7983193277311
AAGTAGGA	103	5	108	95.37037037037037
CCGGTGTG	458	18	476	96.21848739495799
AAGTAGGG	111	5	116	95.6896551724138
TTTAGGGG	86	7	93	92.47311827956989
TTTAGGGA	113	7	120	94.16666666666667
TTTAGGGT	96	12	108	88.88888888888889
GAGGCATC	223	5	228	97.80701754385966
GAGGCATA	279	10	289	96.53979238754326
TGGGGCTG	365	10	375	97.33333333333334
GCAGCATG	472	7	479	98.53862212943632
ACTTTTTG	138	0	138	100.0
ACTTTTTA	68	0	68	100.0
ACTTTTTC	105	2	107	98.13084112149532
ACTTTTTT	74	1	75	98.66666666666667
GCAGCATT	257	5	262	98.09160305343512
CACTCGAC	229	1	230	99.56521739130434
GTCTCTCT	225	0	225	100.0
CACTCGAG	279	13	292	95.54794520547945
TCACTTGA	277	10	287	96.51567944250871
ATACTGGA	71	5	76	93.42105263157895
TGGGCGCT	215	18	233	92.27467811158799
AGCCTATC	189	10	199	94.9748743718593
AGCCTATA	195	6	201	97.01492537313433
GCTGTGTC	189	32	221	85.52036199095022
ACTGTCGC	170	11	181	93.92265193370166
ATTTGAGA	51	11	62	82.25806451612904
CTACATCG	154	16	170	90.58823529411765
TGGGCGCG	329	23	352	93.4659090909091
GAATGGTC	97	6	103	94.1747572815534
TTGTGGGA	188	23	211	89.0995260663507
CTACATCC	107	2	109	98.1651376146789
TTGTGGGG	208	1	209	99.52153110047847
CTACATCA	104	3	107	97.19626168224299
TGGGCGCA	341	6	347	98.27089337175792
GTACTTTA	73	4	77	94.8051948051948
CCAACGCC	119	0	119	100.0
GTACTTTC	75	6	81	92.5925925925926
CTGGTCAG	203	5	208	97.59615384615384
GTACTTTG	104	4	108	96.29629629629629
TTATTTCC	49	1	50	98.0
TTATTTCA	77	5	82	93.90243902439023
CCAACGCA	205	13	218	94.03669724770643
TTATTTCT	40	5	45	88.88888888888889
CTCTCAGG	243	16	259	93.82239382239382
TACCTTCC	102	2	104	98.07692307692307
TACCTTCA	101	2	103	98.05825242718447
CCCTTTAT	77	4	81	95.06172839506173
ATTCCGTG	142	16	158	89.87341772151899
GTTATACG	126	6	132	95.45454545454545
CTTGTGGT	161	22	183	87.97814207650273
ATGGCAAC	96	9	105	91.42857142857143
ATGGCAAA	78	4	82	95.1219512195122
CCCTTTAA	89	6	95	93.6842105263158
CCCTTTAC	85	8	93	91.39784946236558
GTTATACT	63	2	65	96.92307692307692
TACCTTCT	86	10	96	89.58333333333334
CCCTTTAG	89	2	91	97.8021978021978
GCGCTGCC	252	29	281	89.6797153024911
GCGAGGGG	163	20	183	89.07103825136612
GCGCTGCA	284	38	322	88.19875776397515
GCGAGGGA	155	24	179	86.59217877094973
GCGAGGGC	147	8	155	94.83870967741936
CTTGTGGG	207	9	216	95.83333333333334
AGTCCGGG	128	10	138	92.7536231884058
AGTCCGGA	102	15	117	87.17948717948718
AGTCCGGC	171	3	174	98.27586206896551
CTTGACTT	73	1	74	98.64864864864865
GAGGGAGC	95	4	99	95.95959595959596
GAGGGAGA	96	10	106	90.56603773584906
AGTCCGGT	97	6	103	94.1747572815534
CTTGACTG	163	5	168	97.02380952380952
GACTTACG	121	16	137	88.32116788321169
GAGGGAGT	100	12	112	89.28571428571429
GACTTACA	92	6	98	93.87755102040816
CTTGACTC	94	12	106	88.67924528301887
GACTTACC	90	17	107	84.11214953271028
ACCACGAC	169	11	180	93.88888888888889
ACCACGAG	153	17	170	90.0
TTGCCCTG	229	41	270	84.81481481481481
ATCCTAGT	98	9	107	91.58878504672897
TTGCCCTC	129	16	145	88.96551724137932
ACCACGAT	107	11	118	90.67796610169492
ATCCTAGC	88	8	96	91.66666666666666
GCCTGTGG	201	7	208	96.63461538461539
ATCCTAGG	99	10	109	90.82568807339449
TTGCCTAT	143	7	150	95.33333333333334
TAGGGTTA	187	8	195	95.8974358974359
TAGGGTTT	82	5	87	94.25287356321839
TTGCCTAG	242	12	254	95.2755905511811
TTGCCTAA	170	8	178	95.50561797752809
TTGCCTAC	205	17	222	92.34234234234235
CGGGCAAC	162	15	177	91.52542372881356
CGGGCAAA	195	4	199	97.98994974874373
CGGGCAAG	292	3	295	98.98305084745763
ACCCTCTG	193	1	194	99.48453608247422
GAACGTTT	100	0	100	100.0
GGCCATCA	249	9	258	96.51162790697676
TTAATCCG	168	3	171	98.24561403508771
ACCCTCTT	152	4	156	97.43589743589743
ATGCTTGG	303	21	324	93.51851851851852
GGCCATCT	277	26	303	91.41914191419141
GCGTCCCG	304	18	322	94.40993788819875
GCGTCCCA	321	11	332	96.6867469879518
GCGTCCCC	412	3	415	99.27710843373494
GCAGGCCG	516	2	518	99.61389961389962
GCAGGCCA	408	3	411	99.27007299270073
GCAGGCCC	274	12	286	95.8041958041958
GCAGGCCT	201	20	221	90.9502262443439
GGGTAACT	125	13	138	90.57971014492753
CCCATAAT	72	4	76	94.73684210526315
CCCATAAA	81	2	83	97.59036144578313
TACACGTG	243	22	265	91.69811320754717
TACACGTA	166	9	175	94.85714285714286
ATGGGTCA	231	11	242	95.45454545454545
CAGCCCTG	197	24	221	89.14027149321268
CAGCCCTA	205	16	221	92.76018099547511
CGAATGTT	75	1	76	98.68421052631578
AGTATATA	41	1	42	97.61904761904762
TGCGGGCA	198	10	208	95.1923076923077
CTATCCCA	149	10	159	93.71069182389937
CTATCCCC	88	17	105	83.80952380952381
CTATCCCG	189	8	197	95.93908629441624
ACCTCAGT	123	17	140	87.85714285714286
CCTTGCCT	189	15	204	92.64705882352942
CTATCCCT	134	5	139	96.40287769784173
CCTTGCCA	278	24	302	92.05298013245033
ACCTCAGA	146	19	165	88.48484848484848
CCTTGCCG	338	14	352	96.02272727272727
AACTCTCG	112	6	118	94.91525423728814
GCCTTTTC	161	17	178	90.4494382022472
TGTTGAAC	148	1	149	99.32885906040269
CACAGTCC	114	10	124	91.93548387096774
CACAGTCG	205	17	222	92.34234234234235
CGCCATGT	338	27	365	92.6027397260274
ATCCACTC	127	10	137	92.7007299270073
GCATCTTG	269	23	292	92.12328767123287
ATCCACTG	249	9	258	96.51162790697676
GCATCTTT	163	6	169	96.44970414201184
ATCCACTT	111	10	121	91.73553719008265
TATGTTTT	75	3	78	96.15384615384616
TATGTTTC	120	6	126	95.23809523809523
TATGTTTA	141	10	151	93.37748344370861
AGTGTCGA	196	10	206	95.14563106796116
TATGTTTG	146	12	158	92.40506329113924
AGTGTCGC	223	21	244	91.39344262295081
GCATCCAG	230	21	251	91.63346613545816
GCATCCAA	227	14	241	94.1908713692946
GCATCCAC	227	17	244	93.0327868852459
TGATCAGC	155	5	160	96.875
ATAAAGGC	32	0	32	100.0
ATGCGGTT	216	17	233	92.7038626609442
GCCACCTT	213	7	220	96.81818181818181
CTCAGACT	113	4	117	96.58119658119658
ATGCGGTG	426	32	458	93.01310043668121
TGATCAGT	133	2	135	98.51851851851852
TAGGCTTC	79	1	80	98.75
ATTCGGAG	116	12	128	90.625
CTCAGACC	100	4	104	96.15384615384616
ATTCGGAA	135	0	135	100.0
CAGCCTAA	173	4	177	97.74011299435028
ATTCGGAC	125	1	126	99.20634920634922
CTCAGACG	206	0	206	100.0
TGCAACTC	216	1	217	99.53917050691244
TGTCTGAG	293	2	295	99.32203389830508
TGCAACTG	328	11	339	96.7551622418879
TGTCTGAA	201	19	220	91.36363636363637
ATTTCCGC	223	33	256	87.109375
ATTGACAT	182	8	190	95.78947368421052
ACTATGGC	226	3	229	98.68995633187772
ACTATGGA	287	4	291	98.62542955326461
ATTTCCGT	195	0	195	100.0
ATTGACAA	181	1	182	99.45054945054946
AATCGGCC	257	7	264	97.34848484848484
AATCGGCA	308	7	315	97.77777777777777
AATCGGCG	277	16	293	94.53924914675767
ATATATAA	68	1	69	98.55072463768117
ATATATAC	82	7	89	92.13483146067416
AATCGGCT	170	8	178	95.50561797752809
CATATAGT	103	8	111	92.7927927927928
CAAAACGG	115	1	116	99.13793103448276
CAAAACGC	54	0	54	100.0
CAAAACGA	79	5	84	94.04761904761905
TCCCACAC	302	14	316	95.56962025316456
ACGGGGAT	246	10	256	96.09375
TCCCACAG	373	9	382	97.64397905759162
AGTATTAG	168	6	174	96.55172413793103
AGTATTAC	98	9	107	91.58878504672897
TCATTAAC	169	6	175	96.57142857142857
ACGGGGAG	297	18	315	94.28571428571428
ACGGGGAC	223	7	230	96.95652173913044
GATCGGAC	237	23	260	91.15384615384615
GATCGGAA	207	7	214	96.72897196261682
CTCCAACG	134	5	139	96.40287769784173
GATCGGAG	239	19	258	92.63565891472868
ACTGCTAT	297	18	315	94.28571428571428
CGGACGGT	428	2	430	99.53488372093024
GAGCTTCG	283	7	290	97.58620689655172
GAGCTTCC	220	3	223	98.65470852017937
GATCGGAT	219	12	231	94.8051948051948
ACTGCTAG	295	21	316	93.35443037974683
ACTGCTAA	212	22	234	90.5982905982906
TCGGCACA	564	32	596	94.63087248322147
AACGTGCT	285	13	298	95.63758389261746
AATCGTAT	186	10	196	94.89795918367348
CTGCCTAA	292	18	310	94.19354838709677
ATATAGGT	117	8	125	93.60000000000001
CTGCCTAC	317	20	337	94.06528189910979
TCGGCACG	614	32	646	95.04643962848297
ATATAGGA	122	7	129	94.57364341085271
AACGTGCG	337	30	367	91.82561307901908
ATATAGGC	103	4	107	96.26168224299066
GCCAGACT	193	23	216	89.35185185185185
TCGGCACT	359	25	384	93.48958333333334
CGTGAACC	170	8	178	95.50561797752809
ATATAGGG	188	10	198	94.94949494949495
AACGTGCA	318	28	346	91.90751445086705
AACGTTAC	167	8	175	95.42857142857143
AACGTTAA	172	15	187	91.97860962566845
AACGTTAG	216	23	239	90.3765690376569
ACTACTGT	200	17	217	92.16589861751152
AATCTCTT	130	1	131	99.23664122137404
GCCACGCT	357	17	374	95.45454545454545
ACTACTGG	258	11	269	95.91078066914498
ACTACTGC	230	15	245	93.87755102040816
GGATGAGA	200	17	217	92.16589861751152
GCCACGCC	359	21	380	94.47368421052632
TACTATAG	158	5	163	96.93251533742331
AATCTCTA	102	8	110	92.72727272727272
AGAAAAGG	34	2	36	94.44444444444444
AGAAAAGA	14	3	17	82.35294117647058
CTCTGATA	169	19	188	89.8936170212766
CTCTGATG	245	16	261	93.86973180076629
AGAAAAGT	36	3	39	92.3076923076923
TCATTAAT	128	4	132	96.96969696969697
GCTGGCAA	379	14	393	96.43765903307889
GCTGGCAC	316	22	338	93.49112426035504
CTCTGATT	158	12	170	92.94117647058823
AGGTGCGG	374	26	400	93.5
AAGCGCAC	219	12	231	94.8051948051948
AAGCGCAG	270	11	281	96.08540925266904
CACCGGCT	316	18	334	94.61077844311377
CGATCACT	200	13	213	93.89671361502347
GCGGACCT	315	29	344	91.56976744186046
AAGCGCAT	245	10	255	96.07843137254902
GCGGACCC	370	10	380	97.36842105263158
CGATCACG	356	6	362	98.34254143646409
GCGGACCG	507	42	549	92.34972677595628
CGATCACC	155	16	171	90.64327485380117
GGCGCACA	496	39	535	92.71028037383178
GGCGCACC	401	27	428	93.69158878504673
GTTGTTGC	288	21	309	93.20388349514563
GACAGTGA	267	22	289	92.38754325259517
ATCGAAGA	117	2	119	98.31932773109243
GTTGTTGG	451	24	475	94.94736842105263
ATCGAAGG	119	7	126	94.44444444444444
GACAGTGG	337	14	351	96.01139601139602
GGCGCACT	409	30	439	93.16628701594533
TACTACTT	116	12	128	90.625
TCTCTCCC	271	12	283	95.75971731448763
GACAGTGT	314	26	340	92.3529411764706
TCCGCGCT	366	26	392	93.36734693877551
AGGCCTAT	204	15	219	93.15068493150685
ACCCGCGG	476	35	511	93.15068493150685
ACCCGCGA	438	12	450	97.33333333333334
TCGAGGTC	199	10	209	95.21531100478468
AGGCCTAA	171	22	193	88.60103626943005
AGGCCTAC	206	13	219	94.06392694063926
AGGCCTAG	276	27	303	91.0891089108911
CGAGGACC	123	8	131	93.89312977099237
AGCTCATT	203	38	241	84.23236514522821
CTGTAAGT	146	4	150	97.33333333333334
CCTATACG	191	10	201	95.02487562189054
ACAAGGGC	105	3	108	97.22222222222221
ACAAGGGG	167	1	168	99.40476190476191
AGCTCATG	284	8	292	97.26027397260275
CGAGGACT	108	5	113	95.57522123893806
ACAAGGGT	124	2	126	98.4126984126984
GGCACAAT	232	1	233	99.57081545064378
TTGCGTGG	578	2	580	99.6551724137931
CCCACTAC	151	1	152	99.3421052631579
CGTTCTAA	88	1	89	98.87640449438202
CCCACTAT	132	2	134	98.50746268656717
GGCACAAG	257	6	263	97.71863117870723
CATAAATA	40	0	40	100.0
CGTTCTAC	129	6	135	95.55555555555556
ACTCGTAT	199	9	208	95.67307692307693
GCAAAGGT	106	0	106	100.0
CGTAAGGG	169	7	176	96.02272727272727
GATCCGAT	223	15	238	93.69747899159664
TTGGACGC	258	9	267	96.62921348314607
CGTAAGGC	177	5	182	97.25274725274726
TTGGACGA	343	14	357	96.07843137254902
CGTAAGGA	138	12	150	92.0
GATCCGAG	306	35	341	89.73607038123167
CGTAAGGT	146	19	165	88.48484848484848
TTGGACGT	234	14	248	94.35483870967742
CCTTACTC	159	11	170	93.52941176470588
CCTTACTG	273	8	281	97.15302491103202
GGGGGCGT	373	28	401	93.01745635910224
CCTTACTT	131	11	142	92.25352112676056
GGGGGCGC	290	13	303	95.7095709570957
GACACTCA	219	4	223	98.20627802690582
GGGGGCGA	394	10	404	97.52475247524752
TTGGGCTG	421	12	433	97.22863741339492
GGGGGCGG	434	10	444	97.74774774774775
GACACTCG	244	7	251	97.21115537848605
CACACGCC	186	5	191	97.38219895287958
CTGTCTTT	153	6	159	96.22641509433963
ATAGGTGT	180	10	190	94.73684210526315
GCTACAGC	236	9	245	96.3265306122449
CAGATATG	118	17	135	87.4074074074074
GCTACAGT	251	17	268	93.65671641791045
CTGTCTTA	218	9	227	96.0352422907489
ATAGGTGA	199	9	208	95.67307692307693
GTGCGCTA	563	27	590	95.42372881355932
TACCGCTA	268	3	271	98.8929889298893
GTGCGCTC	416	27	443	93.90519187358916
CAGCGTGA	420	16	436	96.3302752293578
TGTAACCC	114	6	120	95.0
CAGCGTGG	489	24	513	95.32163742690058
TGTAACCA	208	2	210	99.04761904761905
TCGTGCAT	324	16	340	95.29411764705881
TTGACCTT	161	5	166	96.98795180722891
TCGTGCAC	309	7	316	97.78481012658227
TCGTGCAA	325	11	336	96.72619047619048
TGTAACCT	119	1	120	99.16666666666667
TCGTGCAG	455	11	466	97.63948497854076
GTGCGCTT	438	17	455	96.26373626373626
CAGCGTGT	370	20	390	94.87179487179486
CCAACTTT	60	4	64	93.75
TTGACCTC	143	7	150	95.33333333333334
TTGACCTA	199	11	210	94.76190476190476
TTGACCTG	297	7	304	97.69736842105263
CTAGGCGC	245	4	249	98.39357429718876
CTAGGCGA	245	6	251	97.60956175298804
AGGATAAG	81	0	81	100.0
CAGACCTT	80	6	86	93.02325581395348
CGGCCCCA	346	12	358	96.64804469273743
CGGCCCCG	437	8	445	98.20224719101124
CAGACCTC	89	3	92	96.73913043478261
AATCCTGG	194	2	196	98.9795918367347
CAGACCTG	168	2	170	98.82352941176471
CTAGGCGT	250	7	257	97.27626459143968
TTGTAGAG	178	1	179	99.4413407821229
TTGTAGAC	141	6	147	95.91836734693877
CCCTATAA	121	2	123	98.3739837398374
TTGTAGAA	73	0	73	100.0
CCCTAAGA	50	3	53	94.33962264150944
CCCTAAGC	69	1	70	98.57142857142858
CCCTAAGT	72	2	74	97.2972972972973
TCGCTGCC	377	34	411	91.72749391727494
TTAGGCGA	118	4	122	96.72131147540983
TTAGGCGG	205	7	212	96.69811320754717
ATACATCT	78	1	79	98.73417721518987
TCTGAAGT	82	3	85	96.47058823529412
ATACATCA	147	1	148	99.32432432432432
ATACATCC	111	1	112	99.10714285714286
ATACATCG	119	2	121	98.34710743801654
TCTGAAGG	87	2	89	97.75280898876404
GACGAATA	63	3	66	95.45454545454545
TCTGAAGC	44	4	48	91.66666666666666
TCTGAAGA	77	4	81	95.06172839506173
GACGAATG	95	3	98	96.93877551020408
ATCAAGCC	41	0	41	100.0
TCAGAATG	114	0	114	100.0
CTTACTAA	63	1	64	98.4375
TCAGAATA	56	3	59	94.91525423728814
TCAGAATC	46	0	46	100.0
CAGTATCG	159	2	161	98.75776397515527
CCAACTTA	202	2	204	99.01960784313727
CAGTATCC	84	3	87	96.55172413793103
ATGTTCTT	67	0	67	100.0
CAGTACAT	67	1	68	98.52941176470588
CTTACTAT	65	0	65	100.0
ATGTTCTA	50	7	57	87.71929824561403
CAGTACAC	69	3	72	95.83333333333334
CAGTACAA	79	3	82	96.34146341463415
CAGTACAG	77	1	78	98.71794871794873
ATGTTCTG	90	3	93	96.7741935483871
CATCAGTG	156	5	161	96.8944099378882
TCCTGTAA	48	3	51	94.11764705882352
ACAACAGG	81	0	81	100.0
AAGAGCGT	48	0	48	100.0
ACAACAGC	61	4	65	93.84615384615384
ACAACAGA	90	1	91	98.9010989010989
CATCAGTT	80	3	83	96.3855421686747
AAGAGCGG	83	3	86	96.51162790697676
ACAACAGT	66	8	74	89.1891891891892
AAGAGCGA	56	2	58	96.55172413793103
AAGAGCGC	40	0	40	100.0
CGGTCACC	136	2	138	98.55072463768117
CGGTCACA	142	7	149	95.30201342281879
CGGTCACG	201	2	203	99.01477832512316
GAAAACTG	33	0	33	100.0
GCTAGCGT	118	3	121	97.52066115702479
ACGTATAG	108	2	110	98.18181818181819
CGATGGAG	83	1	84	98.80952380952381
ACGTATAA	95	1	96	98.95833333333334
CGATGGAA	68	5	73	93.15068493150685
ACGTATAC	104	9	113	92.03539823008849
CGATGGAC	138	6	144	95.83333333333334
TCCTTTCC	111	4	115	96.52173913043478
TCCTTTCA	108	2	110	98.18181818181819
CGGTCACT	169	6	175	96.57142857142857
ATTCAAGC	81	1	82	98.78048780487805
ACGTATAT	99	8	107	92.5233644859813
GCTAGCGG	169	3	172	98.25581395348837
ATTCAAGG	89	1	90	98.88888888888889
TCCTTAAG	82	3	85	96.47058823529412
ACGAACCT	43	4	47	91.48936170212765
TCGACGGC	170	8	178	95.50561797752809
TCGACGGG	221	6	227	97.3568281938326
CGCTTTCC	299	20	319	93.73040752351098
ACGAACCG	198	7	205	96.58536585365853
ACGAACCC	109	7	116	93.96551724137932
GTGGCGGG	471	16	487	96.71457905544148
TCTGTCAT	263	13	276	95.28985507246377
GTGGCGGC	385	17	402	95.77114427860697
ACAGATTG	231	5	236	97.88135593220339
GATCCTTT	141	0	141	100.0
ACAGAATT	39	0	39	100.0
GTGGCGGT	421	12	433	97.22863741339492
TCTGTCAA	239	3	242	98.7603305785124
AAAACTAT	25	0	25	100.0
TCTGTCAG	263	4	267	98.50187265917603
TGTATCTA	83	8	91	91.20879120879121
ACAGATTT	57	1	58	98.27586206896551
GATCCTTC	165	10	175	94.28571428571428
GATCCTTA	172	8	180	95.55555555555556
CCGCGCCC	410	22	432	94.9074074074074
CCGCGCCG	610	34	644	94.72049689440993
TGTATCTC	171	4	175	97.71428571428571
CGATTGTT	105	8	113	92.92035398230088
GGGGCAGA	346	19	365	94.79452054794521
CGATTGTA	154	2	156	98.71794871794873
GAAGGCTG	176	5	181	97.23756906077348
GCGGGCTC	163	4	167	97.60479041916167
GATGATCC	136	19	155	87.74193548387098
GCGGGCTA	351	27	378	92.85714285714286
CAGAACTA	90	3	93	96.7741935483871
ACACGGAG	303	10	313	96.80511182108627
CAGAACTC	50	4	54	92.5925925925926
TTAGCAGT	189	18	207	91.30434782608695
ACACGGAC	251	9	260	96.53846153846153
GGTCAGCT	256	4	260	98.46153846153847
GTACCGAA	244	16	260	93.84615384615384
GTACCGAC	262	7	269	97.39776951672863
GATGATCT	161	5	166	96.98795180722891
GCGGGCTT	302	6	308	98.05194805194806
GAATTTCA	90	4	94	95.74468085106383
TTAGCAGA	222	1	223	99.55156950672645
ACACGGAT	231	8	239	96.65271966527197
CAGAACTT	35	1	36	97.22222222222221
TTAGCAGG	283	12	295	95.9322033898305
CTCAGTTA	221	8	229	96.50655021834062
CTCAGTTC	156	6	162	96.29629629629629
GTTTACTC	156	1	157	99.36305732484077
CAGACTGG	295	2	297	99.32659932659934
CTCAGTTT	99	7	106	93.39622641509435
GTTTACTT	145	1	146	99.31506849315068
GTTTTCGC	202	10	212	95.28301886792453
GTTTTCGA	225	16	241	93.3609958506224
TCCAGGTT	177	2	179	98.88268156424581
ACGATAAA	78	2	80	97.5
TCCAGGTA	252	12	264	95.45454545454545
TCCAGGTG	349	14	363	96.14325068870524
GTAGTTGT	64	4	68	94.11764705882352
AATCAAGC	69	7	76	90.78947368421053
TGTTGCAC	147	5	152	96.71052631578947
GTACCTGT	191	12	203	94.08866995073892
CTTGGAAT	168	6	174	96.55172413793103
GTCGACTT	371	16	387	95.8656330749354
TGGTTCCA	321	18	339	94.69026548672566
TGGTTCCC	283	1	284	99.64788732394366
GTCGACTC	360	5	365	98.63013698630137
CTTGGAAG	142	2	144	98.61111111111111
GCCTCCTA	361	28	389	92.80205655526991
CGTATGGC	296	7	303	97.6897689768977
CTCGTACT	318	6	324	98.14814814814815
CTTAGACG	183	1	184	99.45652173913044
GATTGCCT	393	22	415	94.6987951807229
CTTAGACA	183	8	191	95.81151832460732
CTTAGACC	139	2	141	98.58156028368793
CTCGTACC	341	7	348	97.98850574712644
CTCGTACA	335	21	356	94.10112359550563
CTCGTACG	449	20	469	95.73560767590618
GATTGCCG	473	15	488	96.92622950819673
CTTAGACT	127	8	135	94.07407407407408
GATTGCCC	333	13	346	96.24277456647398
GATTGCCA	349	16	365	95.61643835616438
CACTATCC	253	8	261	96.93486590038314
CACTATCA	275	18	293	93.85665529010238
CACTATCG	322	11	333	96.69669669669669
GCGACAGT	380	23	403	94.29280397022333
GAAACAGC	58	2	60	96.66666666666667
GAAACAGG	142	5	147	96.5986394557823
AGAGCACT	124	9	133	93.23308270676691
GCGACAGC	256	13	269	95.16728624535315
TTCCCGAA	328	13	341	96.18768328445748
GCGACAGG	469	14	483	97.10144927536231
CACTATCT	238	12	250	95.19999999999999
AGAGCACA	227	6	233	97.42489270386267
TATATCGG	316	8	324	97.53086419753086
AGAGCACC	140	5	145	96.55172413793103
TATATCGC	188	4	192	97.91666666666666
TATATCGA	245	17	262	93.51145038167938
GACAGGCC	202	3	205	98.53658536585365
GACAGGCA	286	9	295	96.94915254237289
TTCTAGTT	149	4	153	97.38562091503267
GAACAAAG	138	6	144	95.83333333333334
CTTTTAGT	117	6	123	95.1219512195122
CGTTCCTT	343	11	354	96.89265536723164
AATCAAAT	42	4	46	91.30434782608695
GATGGCGC	282	2	284	99.29577464788733
GATGGCGG	406	11	417	97.3621103117506
TTCTAGTA	168	6	174	96.55172413793103
TTCTAGTC	189	3	192	98.4375
GAACAAAT	59	3	62	95.16129032258065
TGGGATAA	209	8	217	96.31336405529954
TGGGATAC	138	15	153	90.19607843137256
GATGGCGT	346	16	362	95.58011049723757
CGTTCCTA	427	9	436	97.93577981651376
ATTGAATT	97	3	100	97.0
GTGCTCGT	461	15	476	96.84873949579831
GTAAGCAT	161	5	166	96.98795180722891
TCAATCGA	275	8	283	97.1731448763251
TCAATCGG	336	7	343	97.95918367346938
CGAATTGG	273	6	279	97.84946236559139
CGAATTGA	192	3	195	98.46153846153847
CGAATTGC	77	5	82	93.90243902439023
GCGCAAAT	370	4	374	98.93048128342245
GAGTATCC	189	6	195	96.92307692307692
GAGTATCA	298	8	306	97.38562091503267
TATGTGAA	222	9	231	96.1038961038961
ATCGATTT	178	2	180	98.88888888888889
CTGGCAAG	359	6	365	98.35616438356163
CTGGCTCT	307	5	312	98.3974358974359
ATCGATTC	206	3	209	98.56459330143541
GAAGGTGG	271	6	277	97.83393501805054
CTGGCAAT	208	11	219	94.97716894977168
ATCGATTG	324	5	329	98.48024316109422
GAGTATCT	164	5	169	97.0414201183432
CTGGCTCC	295	8	303	97.35973597359737
TGAAAGTT	39	3	42	92.85714285714286
TTGATTCG	348	10	358	97.20670391061452
TGAAAGTA	165	5	170	97.05882352941177
TGAAAGTC	66	4	70	94.28571428571428
TCGCTCAA	456	11	467	97.64453961456103
TTGATTCC	62	6	68	91.17647058823529
AGTAATGT	133	0	133	100.0
AGTCCTTG	261	4	265	98.49056603773585
AGTCCTTC	192	5	197	97.46192893401016
AGTCCTTA	200	1	201	99.50248756218906
TCGCTCAT	510	8	518	98.45559845559846
AGTAATGA	189	8	197	95.93908629441624
AGTCCTTT	176	7	183	96.17486338797814
AACCGCTT	181	10	191	94.76439790575915
CTGGTGTT	360	5	365	98.63013698630137
TTTCGAGA	184	6	190	96.84210526315789
CTGGTGTA	385	10	395	97.46835443037975
GATTCACA	299	15	314	95.22292993630573
AACCGCTA	213	8	221	96.38009049773756
AAAAGAAC	15	1	16	93.75
AATTGTCC	160	1	161	99.37888198757764
AAAAGAAA	13	0	13	100.0
AAAAGAAG	20	0	20	100.0
AATTGTCG	264	4	268	98.50746268656717
CATAGTAG	129	8	137	94.16058394160584
TTGAGCTG	437	8	445	98.20224719101124
CCATCACC	331	12	343	96.50145772594753
CATAGTAC	141	5	146	96.57534246575342
TTGAGTTT	180	5	185	97.2972972972973
CATAGTAA	158	3	161	98.13664596273291
TTGAGCTA	267	14	281	95.01779359430606
TTGAGTTA	227	13	240	94.58333333333333
TTGAGCTT	159	3	162	98.14814814814815
CATAGTAT	101	1	102	99.01960784313727
TTGAGTTG	242	9	251	96.41434262948208
ATTTTACC	80	3	83	96.3855421686747
CGTACCGA	291	9	300	97.0
ATACCTTA	112	2	114	98.24561403508771
CGTACCGG	323	2	325	99.38461538461539
TATTGTGA	193	4	197	97.96954314720813
TCCGACCA	351	3	354	99.15254237288136
GACGGGTC	187	1	188	99.46808510638297
TATTGTGG	188	1	189	99.47089947089947
GACGGGTG	285	3	288	98.95833333333334
ATACCTTT	61	0	61	100.0
GTCCACCG	374	30	404	92.57425742574257
TATTGTGT	176	4	180	97.77777777777777
GTCCACCA	334	17	351	95.15669515669516
CGCAAGTT	131	8	139	94.24460431654677
GACTGAGC	136	13	149	91.2751677852349
GACTGAGG	231	8	239	96.65271966527197
AGCATTGA	212	6	218	97.24770642201835
AGCATTGG	220	3	223	98.65470852017937
CTGACGTT	136	2	138	98.55072463768117
GACTGAGT	190	9	199	95.47738693467338
CGCAAGTC	170	4	174	97.70114942528735
CGCAAGTA	249	2	251	99.20318725099602
CTGACGTC	165	5	170	97.05882352941177
CTGACGTA	286	15	301	95.01661129568106
AGCATTGT	194	4	198	97.97979797979798
CGGAAGCC	97	6	103	94.1747572815534
TCTATACC	65	2	67	97.01492537313433
CGGAAGCA	165	5	170	97.05882352941177
TCTATACA	74	3	77	96.1038961038961
TGCACACC	238	5	243	97.94238683127571
TGCACACA	278	16	294	94.5578231292517
ATAGAACA	65	1	66	98.48484848484848
ATAGAACC	38	4	42	90.47619047619048
CATTATGC	80	6	86	93.02325581395348
TCCGTAGG	276	9	285	96.84210526315789
TATTTAAT	56	0	56	100.0
ACGGTGCT	339	10	349	97.134670487106
AAGGTACC	105	13	118	88.98305084745762
TGGGCCTC	199	5	204	97.54901960784314
TGGGCCTG	319	13	332	96.08433734939759
CTATAGGA	117	4	121	96.69421487603306
CTATAGGT	128	3	131	97.70992366412213
TGGGCCTT	197	17	214	92.05607476635514
AGCATAAT	103	3	106	97.16981132075472
CAAACGTC	27	2	29	93.10344827586206
CCTCGCTC	377	8	385	97.92207792207792
CCTCGCTA	355	14	369	96.2059620596206
TGGATTAA	117	4	121	96.69421487603306
TGGATTAG	210	3	213	98.59154929577466
GTGATTAA	63	7	70	90.0
CCTCGCTT	314	19	333	94.29429429429429
AGCATAAA	101	7	108	93.51851851851852
GGATTCAA	150	3	153	98.0392156862745
GGATTCAC	165	10	175	94.28571428571428
AATGCCAC	159	14	173	91.90751445086705
CGCAGAAA	96	1	97	98.96907216494846
GGATTCAG	199	8	207	96.1352657004831
TTAGGGAG	159	5	164	96.95121951219512
CCTGAACA	178	9	187	95.18716577540107
AATGCCAT	164	19	183	89.61748633879782
CCTGAACG	154	15	169	91.12426035502959
ACGCACCC	306	11	317	96.52996845425868
ACGCACCA	369	11	380	97.10526315789474
GCCGAAAT	77	4	81	95.06172839506173
CAGCTCAG	273	3	276	98.91304347826086
CAGCTCAC	204	2	206	99.02912621359224
CCATGGCA	370	4	374	98.93048128342245
TAATCAAT	48	0	48	100.0
GACGTTGG	332	4	336	98.80952380952381
TAATCAAG	83	0	83	100.0
TAATCAAC	60	0	60	100.0
CTAAGTTG	120	1	121	99.17355371900827
AGATATCG	145	4	149	97.31543624161074
AGATATCA	85	3	88	96.5909090909091
AGATATCC	71	5	76	93.42105263157895
AGATATCT	64	5	69	92.7536231884058
GGGGGGAA	176	6	182	96.7032967032967
GGGGGGAC	158	10	168	94.04761904761905
ACATCTAT	124	4	128	96.875
GGGGGGAG	190	12	202	94.05940594059405
CAAGCCTC	85	5	90	94.44444444444444
ACTCTTAG	148	7	155	95.48387096774194
TCTGAGAA	51	6	57	89.47368421052632
CGCCCCTC	200	8	208	96.15384615384616
ACATCTAC	128	9	137	93.43065693430657
ACTCAGGA	180	8	188	95.74468085106383
ACATCTAG	149	11	160	93.125
ACTCTTAT	156	12	168	92.85714285714286
CAAGCCTT	60	3	63	95.23809523809523
CCTCTCTC	205	18	223	91.92825112107623
GACCTCAG	263	20	283	92.93286219081273
CAAGACGC	91	13	104	87.5
AGACTTGT	149	7	156	95.51282051282051
CAAGACGG	186	15	201	92.53731343283582
GACCTCAA	214	19	233	91.84549356223177
CGCGGATT	238	11	249	95.58232931726907
GGTTCTCG	302	20	322	93.7888198757764
GCGGCTTT	265	14	279	94.98207885304659
GGTTCTCA	210	15	225	93.33333333333333
AGACTTGC	159	11	170	93.52941176470588
GAGAACTG	114	0	114	100.0
AGACTTGG	192	1	193	99.48186528497409
GCGGCTTA	384	3	387	99.2248062015504
GCGGCTTC	268	18	286	93.7062937062937
CGCGGATG	382	26	408	93.62745098039215
CTAATGAG	130	6	136	95.58823529411765
CGCGGATA	261	14	275	94.9090909090909
GCGGCTTG	418	44	462	90.47619047619048
CGCGGATC	260	18	278	93.5251798561151
TGTCACGA	276	14	290	95.17241379310344
CTTGCATG	284	10	294	96.5986394557823
TGTCACGC	257	15	272	94.48529411764706
CTTGCATC	223	18	241	92.5311203319502
TGTCACGG	427	12	439	97.26651480637814
TACTCTCC	106	3	109	97.24770642201835
GGTCTACC	152	9	161	94.40993788819875
GCCGGGTC	288	12	300	96.0
GCCGGGTA	318	10	328	96.95121951219512
TTATATAT	23	3	26	88.46153846153845
CTTTCACT	95	4	99	95.95959595959596
GTGCCCAG	317	9	326	97.23926380368098
GTGCCCAA	281	20	301	93.35548172757476
GGTAGTGC	224	16	240	93.33333333333333
GCTCCACA	276	15	291	94.84536082474226
GCCCGTTG	400	24	424	94.33962264150944
GGTAGTGG	191	12	203	94.08866995073892
GCCCGTTC	355	27	382	92.93193717277487
GCTCCACG	376	27	403	93.30024813895783
CCAGGCAA	154	15	169	91.12426035502959
CTTTCACG	157	4	161	97.51552795031056
CCAGGCAG	190	19	209	90.9090909090909
CTTTCACC	88	4	92	95.65217391304348
GCCCGTTT	198	7	205	96.58536585365853
TCAACCCA	98	1	99	98.98989898989899
GCTCCACT	139	8	147	94.5578231292517
TCAACCCG	144	1	145	99.3103448275862
ATTATTAG	63	0	63	100.0
ATTATTAA	36	0	36	100.0
ATTATTAC	44	1	45	97.77777777777777
ATTATTAT	22	0	22	100.0
GGCATGAT	149	7	156	95.51282051282051
GCAACATG	173	4	177	97.74011299435028
GCAACATA	126	10	136	92.64705882352942
GCGTTATT	132	6	138	95.65217391304348
GCAACATC	95	5	100	95.0
AACGTCTC	57	1	58	98.27586206896551
AACGTCTA	92	0	92	100.0
AACGTCTG	89	0	89	100.0
GCAACATT	73	2	75	97.33333333333334
TCGTCGTA	250	16	266	93.98496240601504
AACGTCTT	80	8	88	90.9090909090909
TGACGACT	167	0	167	100.0
TGACGACG	296	7	303	97.6897689768977
TTGGTCAA	275	1	276	99.63768115942028
TTGGTCAG	336	2	338	99.40828402366864
TGACGACA	264	2	266	99.24812030075188
GTGTTGCG	428	1	429	99.76689976689977
AGCCCCGG	270	0	270	100.0
AGCCCCGA	191	4	195	97.94871794871794
AGCCCCGC	307	3	310	99.03225806451613
GTGTTGCA	333	1	334	99.7005988023952
CGTCATCT	220	4	224	98.21428571428571
GCGTACTA	310	12	322	96.27329192546584
TCAGGTCC	185	6	191	96.8586387434555
TCAGGTCA	306	10	316	96.83544303797468
TATAGGGG	82	9	91	90.10989010989012
CGTCATCG	339	65	404	83.9108910891089
TCAGGAAC	87	11	98	88.77551020408163
CGTCATCC	315	23	338	93.19526627218934
AGATTAAT	16	0	16	100.0
ATAGTAGT	70	6	76	92.10526315789474
GCTCGTAA	323	10	333	96.996996996997
ATAGTAGG	177	8	185	95.67567567567568
ATAGTAGC	94	4	98	95.91836734693877
ATAGTAGA	112	2	114	98.24561403508771
GCTAGATT	143	0	143	100.0
TAGGCAGT	225	5	230	97.82608695652173
GCTCGGCG	544	5	549	99.08925318761385
TGTAGTTC	145	2	147	98.63945578231292
GCTCGGCC	449	11	460	97.60869565217392
AACTAGCT	88	1	89	98.87640449438202
GCTAGATG	216	38	254	85.03937007874016
TAGGCAGA	275	24	299	91.9732441471572
GCTAGATC	156	17	173	90.17341040462428
TAGGCAGG	259	13	272	95.22058823529412
AGTAGTTC	18	4	22	81.81818181818183
AACTAGCC	97	6	103	94.1747572815534
AACTAGCA	135	6	141	95.74468085106383
TGTAGATG	210	20	230	91.30434782608695
GCCATCGC	346	17	363	95.31680440771349
GCCATCGG	383	27	410	93.41463414634147
GGGTTAGC	244	18	262	93.12977099236642
TACGTTGC	266	12	278	95.68345323741008
GGTCATGT	286	18	304	94.07894736842105
GGGTTAGG	237	11	248	95.56451612903226
TACGTTGG	307	24	331	92.74924471299094
GGTCATGC	360	21	381	94.48818897637796
GGTCATGA	339	16	355	95.49295774647887
GGGTTAGT	207	5	212	97.64150943396226
CATCGTGA	350	14	364	96.15384615384616
CATCGTGG	378	20	398	94.9748743718593
TTATCAAG	164	8	172	95.34883720930233
AGACCAAG	133	8	141	94.32624113475178
CCGTTAAG	215	16	231	93.07359307359307
AGACCAAC	99	14	113	87.61061946902655
AGACCAAA	79	4	83	95.18072289156626
TAGATCCA	143	12	155	92.25806451612904
AGACCTGG	176	8	184	95.65217391304348
TAGATCCG	156	13	169	92.3076923076923
AGACCTGA	133	7	140	95.0
CCGTTAAT	187	13	200	93.5
AGACCAAT	72	7	79	91.13924050632912
AGACCTGT	146	5	151	96.68874172185431
GAGGCTGT	268	5	273	98.16849816849816
TAGATCCT	92	1	93	98.9247311827957
GCCGCAAG	420	24	444	94.5945945945946
GTTTAAAG	81	3	84	96.42857142857143
GCCGCAAC	381	11	392	97.1938775510204
GTTTAAAA	61	10	71	85.91549295774648
AAACTCGC	106	7	113	93.80530973451327
TGGCGGGT	363	20	383	94.7780678851175
AAACTCGT	151	4	155	97.41935483870968
GCCGCAAT	300	17	317	94.6372239747634
TGGCGGGC	325	24	349	93.12320916905445
TGGCGGGG	380	21	401	94.76309226932669
TACTGAAT	89	5	94	94.68085106382979
AATAGACC	48	1	49	97.95918367346938
AATAGACA	80	4	84	95.23809523809523
AAGATTGG	119	9	128	92.96875
AAGATTGT	92	12	104	88.46153846153845
ACAAATGG	140	4	144	97.22222222222221
ACAAATGA	80	9	89	89.8876404494382
ACAAATGC	113	9	122	92.62295081967213
GTCGCTTC	234	26	260	90.0
TGGGTAGG	334	14	348	95.97701149425288
TATTAGCG	183	10	193	94.81865284974094
TGGGTAGA	242	15	257	94.16342412451361
TATTAGCA	134	16	150	89.33333333333333
TATTAGCC	86	9	95	90.52631578947368
ACAAATGT	77	5	82	93.90243902439023
CGATCTTC	149	9	158	94.30379746835443
TATTAGCT	71	6	77	92.20779220779221
GTCGCTTT	218	8	226	96.46017699115043
CTTTGGAA	146	9	155	94.19354838709677
CAATCTCT	53	0	53	100.0
CGCGAGCA	308	14	322	95.65217391304348
CGCGAGCC	221	13	234	94.44444444444444
TCGTGGTC	312	13	325	96.0
CAATCAAT	38	3	41	92.6829268292683
ATCACCTA	124	6	130	95.38461538461539
ATCACCTC	102	11	113	90.2654867256637
CAATCTCG	149	5	154	96.75324675324676
ATCACCTG	158	10	168	94.04761904761905
TAGTCGCG	340	34	374	90.9090909090909
CAATCAAA	43	6	49	87.75510204081633
GCGATAAG	307	22	329	93.3130699088146
TAGTCGCC	190	11	201	94.5273631840796
CGCGAGCT	182	7	189	96.29629629629629
TAGTCGCA	236	13	249	94.77911646586345
GTTAACCG	187	5	192	97.39583333333334
GTTTAGCC	180	13	193	93.26424870466322
GTTAACCC	115	5	120	95.83333333333334
GCAAGTGT	202	9	211	95.73459715639811
TCGAGCAC	207	12	219	94.52054794520548
GTATTAGT	146	4	150	97.33333333333334
TCGAGCAA	98	1	99	98.98989898989899
TCGAGCAG	136	2	138	98.55072463768117
GCTGTACA	167	2	169	98.81656804733728
GTTAACCT	34	1	35	97.14285714285714
TCAATGAC	59	0	59	100.0
GCTGTACG	186	4	190	97.89473684210527
GTATTAGG	114	1	115	99.1304347826087
GCAAGTGA	139	1	140	99.28571428571429
GTATTAGA	64	1	65	98.46153846153847
TGGTCTAG	86	3	89	96.62921348314607
TGGTCTAA	78	1	79	98.73417721518987
TGCGCATT	144	3	147	97.95918367346938
AGGTTCGA	92	2	94	97.87234042553192
AGGTTCGG	130	3	133	97.74436090225564
AGCGCGCA	466	4	470	99.14893617021276
AGCGCGCC	375	1	376	99.7340425531915
AGCGCGCG	580	0	580	100.0
TGCGCATG	474	16	490	96.73469387755102
TGCGCATA	343	8	351	97.72079772079772
AGGTTCGT	186	10	196	94.89795918367348
TGACTGCA	272	7	279	97.4910394265233
TGACTGCC	235	0	235	100.0
AAGTAATT	28	0	28	100.0
TGACTGCG	309	4	313	98.7220447284345
TGACTGCT	176	4	180	97.77777777777777
AAGTAATG	80	0	80	100.0
AGCTGATA	125	2	127	98.4251968503937
TCGTTATG	103	8	111	92.7927927927928
AGCTGATG	211	3	214	98.5981308411215
AGCCACAT	213	12	225	94.66666666666667
TGAGGTAG	215	3	218	98.62385321100918
TGAGGTAA	151	7	158	95.56962025316456
TGAGGTAC	92	4	96	95.83333333333334
TGAGGTAT	173	2	175	98.85714285714286
AGCCACAG	190	13	203	93.59605911330048
AGCCACAA	180	6	186	96.7741935483871
TTGGGGGT	179	9	188	95.2127659574468
TTGGGGGA	215	3	218	98.62385321100918
TTGGGGGC	163	3	166	98.19277108433735
TTGGGGGG	220	8	228	96.49122807017544
GGCGTACT	285	10	295	96.61016949152543
TTCTCCGT	157	14	171	91.81286549707602
CTCGGATT	146	6	152	96.05263157894737
TTCAGCCC	50	12	62	80.64516129032258
GGCGTACG	411	13	424	96.93396226415094
GCTATCAC	184	12	196	93.87755102040816
GGCGTACA	352	16	368	95.65217391304348
GCTATCAA	194	8	202	96.03960396039604
GATTATTG	165	6	171	96.49122807017544
TACATCTT	97	0	97	100.0
GATTATTC	84	3	87	96.55172413793103
GATTATTA	86	2	88	97.72727272727273
GTGGCTTG	356	14	370	96.21621621621622
TGATACGC	77	2	79	97.46835443037975
GTGGCTTC	263	10	273	96.33699633699634
TTCCACTT	116	8	124	93.54838709677419
TACATCTG	137	5	142	96.47887323943662
TGATGTGT	245	11	256	95.703125
TACATCTA	121	6	127	95.2755905511811
GTGGCTTT	188	8	196	95.91836734693877
TTCCACTA	178	10	188	94.68085106382979
ATTACTAT	42	2	44	95.45454545454545
TTCCACTG	231	9	240	96.25
TTTATGTT	103	1	104	99.03846153846155
GTACATCC	189	8	197	95.93908629441624
GTACATCA	285	12	297	95.95959595959596
AGTAACCG	93	5	98	94.89795918367348
GTACATCG	303	30	333	90.990990990991
GTACATCT	178	3	181	98.34254143646409
CTGCGCCT	367	18	385	95.32467532467533
TCGGTCGC	509	21	530	96.0377358490566
CTGCGCCA	414	34	448	92.41071428571429
ACCGTGCG	332	24	356	93.25842696629213
CAACAATC	45	2	47	95.74468085106383
ACCGTGCC	336	17	353	95.18413597733712
GCGAGTGC	309	22	331	93.35347432024169
TAAGTTGC	143	12	155	92.25806451612904
GCGAGTGG	374	12	386	96.89119170984456
TAAGTTGG	241	7	248	97.17741935483872
ACGCTTCC	178	3	181	98.34254143646409
ACGCTTCA	167	5	172	97.09302325581395
ACGCTTCG	206	8	214	96.26168224299066
AACCCAGA	103	3	106	97.16981132075472
AACCCAGC	99	4	103	96.11650485436894
AACCCAGG	100	2	102	98.0392156862745
ACGCTTCT	141	1	142	99.29577464788733
CTTAAGGA	82	0	82	100.0
CTACCCGC	188	3	191	98.42931937172776
CTTAAGGC	80	0	80	100.0
CTACCCGA	188	6	194	96.90721649484536
GAGGACTC	52	0	52	100.0
CTACCCGT	137	8	145	94.48275862068965
GAGGACTA	135	1	136	99.26470588235294
GGGCCCGT	196	3	199	98.49246231155779
GGGCCCGC	214	10	224	95.53571428571429
GGGCCCGA	235	8	243	96.70781893004116
GGGCCCGG	245	19	264	92.8030303030303
TTGCCAGA	206	6	212	97.16981132075472
GCGTCGAC	400	7	407	98.28009828009829
TCGTTTGC	235	6	241	97.5103734439834
CCAGATAG	121	8	129	93.7984496124031
TCGTTTGA	206	9	215	95.81395348837209
TCGTTTGG	223	7	230	96.95652173913044
CCAGATAC	104	6	110	94.54545454545455
TTGCCAGT	249	7	256	97.265625
CATTACAA	105	4	109	96.3302752293578
GCGTCGAA	370	14	384	96.35416666666666
CAGCCAGC	193	6	199	96.98492462311557
TGTACATG	237	4	241	98.3402489626556
CAGCCAGG	258	7	265	97.35849056603773
TGTACATA	151	8	159	94.9685534591195
TTGAAAAT	20	0	20	100.0
CAGAAGGT	29	12	41	70.73170731707317
TGTACATT	101	4	105	96.19047619047619
TTGAAAAC	23	0	23	100.0
TTCCCCTA	136	8	144	94.44444444444444
TTCCCCTC	243	12	255	95.29411764705881
TATAGCAT	106	1	107	99.06542056074767
TATAGCAA	110	3	113	97.34513274336283
TTCCCCTT	181	9	190	95.26315789473684
TCCTAGTG	203	11	214	94.85981308411215
TATAGCAG	94	4	98	95.91836734693877
TCCTGGTT	62	2	64	96.875
GCTTGGAA	177	12	189	93.65079365079364
CACCCAGT	106	2	108	98.14814814814815
AGTGTGAC	160	17	177	90.3954802259887
GTATAACC	94	6	100	94.0
CGGGGCCA	258	17	275	93.81818181818183
CGGGGCCG	284	11	295	96.27118644067797
CCGGCGAC	226	5	231	97.83549783549783
GAATTCTA	48	1	49	97.95918367346938
TACTCGGT	163	6	169	96.44970414201184
TCCTGGTA	181	7	188	96.27659574468085
TCCTGGTC	173	8	181	95.58011049723757
CGGGGCCT	176	2	178	98.87640449438202
CACATCCC	117	3	120	97.5
CACATCCA	222	16	238	93.27731092436974
TAGACGTT	59	5	64	92.1875
AGACGGGG	172	5	177	97.17514124293785
ATCTCACC	103	14	117	88.03418803418803
ATCTCACA	123	11	134	91.7910447761194
TAGACGTG	215	6	221	97.28506787330316
GGACACGT	241	14	255	94.50980392156862
CGATTTTA	102	1	103	99.02912621359224
CCTGTATA	150	6	156	96.15384615384616
CGATTTTC	81	6	87	93.10344827586206
CCTGTATC	54	6	60	90.0
CCGTACGC	55	8	63	87.3015873015873
CGATTTTG	25	1	26	96.15384615384616
CCTGTATG	51	6	57	89.47368421052632
GGACACGC	49	2	51	96.07843137254902
CACCCAGG	45	15	60	75.0
GGACACGA	72	4	76	94.73684210526315
GGACACGG	117	2	119	98.31932773109243
CCGTACGT	60	2	62	96.7741935483871
AAATAGCT	23	0	23	100.0
TACGAAGT	23	1	24	95.83333333333334
TGGCGTTT	56	0	56	100.0
GGACGCTT	184	13	197	93.4010152284264
ACATAGAC	12	2	14	85.71428571428571
ACATAGAG	27	5	32	84.375
CGTTCGGA	47	6	53	88.67924528301887
GACCCGTT	35	4	39	89.74358974358975
CGTTCGGC	49	11	60	81.66666666666667
TACGAAGA	26	5	31	83.87096774193549
CGTTCGGG	83	12	95	87.36842105263159
TACGAAGC	33	2	35	94.28571428571428
AGATACCT	45	5	50	90.0
TGGCGTTG	56	19	75	74.66666666666667
ACATAGAT	26	4	30	86.66666666666667
GGGCGTAC	69	13	82	84.14634146341463
TGGCGTTC	36	9	45	80.0
CCTTCAAA	36	3	39	92.3076923076923
CCTTCAAC	41	10	51	80.3921568627451
ACTTCCTG	53	4	57	92.98245614035088
TAAGCATT	16	1	17	94.11764705882352
AACGATGT	20	8	28	71.42857142857143
CCTTCAAT	29	6	35	82.85714285714286
ACTAGAGC	19	1	20	95.0
TGTAAGCT	16	1	17	94.11764705882352
GTAACGCG	46	16	62	74.19354838709677
GTAACGCA	197	1	198	99.4949494949495
CGGGTCCG	46	5	51	90.19607843137256
TACAGGGG	116	4	120	96.66666666666667
GTAACGCT	25	2	27	92.5925925925926
GCCCTACT	84	4	88	95.45454545454545
ATGCTGGC	97	3	100	97.0
ATGCTGGA	44	3	47	93.61702127659575
GTCCAGTT	38	5	43	88.37209302325581
AAGCGTCA	37	3	40	92.5
GTCCAGTC	94	4	98	95.91836734693877
CCGCCAAC	408	18	426	95.77464788732394
GTCCAGTA	45	8	53	84.90566037735849
ATGCTGGT	49	7	56	87.5
GCCCTACA	48	14	62	77.41935483870968
GCCCTACC	70	12	82	85.36585365853658
AAGCGTCT	42	1	43	97.67441860465115
ATGATCGG	357	4	361	98.89196675900277
CCAGCATT	64	2	66	96.96969696969697
GCGGTGAT	83	14	97	85.56701030927834
GAAGTGAC	92	3	95	96.84210526315789
GCGGTGAA	159	1	160	99.375
GCGGTGAC	272	3	275	98.9090909090909
TCGGTGCA	275	3	278	98.92086330935251
GAAGTGAT	88	3	91	96.7032967032967
CTGTTGTC	109	1	110	99.0909090909091
CAAAATAG	29	2	31	93.54838709677419
CTGTTGTA	117	1	118	99.15254237288136
GCAACGTA	99	12	111	89.1891891891892
CAAAATAA	16	0	16	100.0
CGTTCTAG	148	2	150	98.66666666666667
TACGATAC	92	4	96	95.83333333333334
ATTGCGAG	344	7	351	98.00569800569801
TACGATAA	93	4	97	95.87628865979381
ACGGGTCG	431	3	434	99.30875576036865
CAAAATAT	18	0	18	100.0
AGACGCCT	119	2	121	98.34710743801654
CTGTTGTT	132	7	139	94.96402877697841
ATTGCGAA	239	6	245	97.55102040816327
TACGATAT	78	1	79	98.73417721518987
GGGCGAGT	223	7	230	96.95652173913044
CATTCGCC	118	4	122	96.72131147540983
CATTCGCA	151	5	156	96.7948717948718
ACTGTTTC	124	5	129	96.12403100775194
GATCTTTA	93	6	99	93.93939393939394
ACTGTTTA	122	6	128	95.3125
TTTTGGGC	117	2	119	98.31932773109243
GTAGGGAA	177	8	185	95.67567567567568
TCAGGACT	74	3	77	96.1038961038961
GTAGGGAC	107	15	122	87.70491803278688
TTTTGGGG	197	20	217	90.78341013824884
GTAGGGAG	159	9	168	94.64285714285714
CCCCGTGC	465	10	475	97.89473684210527
CCCCGTGG	413	4	417	99.04076738609112
GTAGGGAT	44	1	45	97.77777777777777
TTTTGGGT	160	2	162	98.76543209876543
AATTAACT	58	0	58	100.0
CATCACGG	411	2	413	99.51573849878935
CCCACAGC	203	0	203	100.0
TGCAGGTG	353	3	356	99.15730337078652
CCCACAGG	244	1	245	99.59183673469387
AGATTAGG	142	1	143	99.3006993006993
AATTAACA	86	3	89	96.62921348314607
AGGTTGAG	260	16	276	94.20289855072464
TGCAGGTT	221	16	237	93.24894514767934
TATTATGG	238	9	247	96.35627530364373
TATTATGC	173	4	177	97.74011299435028
GGCTTGGT	365	20	385	94.8051948051948
TATTATGT	150	14	164	91.46341463414635
GCCCCTAT	316	9	325	97.23076923076923
ATTCAACA	73	1	74	98.64864864864865
ACGCGTTG	438	24	462	94.8051948051948
ACCTTCTT	125	9	134	93.28358208955224
TACTAAGG	159	9	168	94.64285714285714
GCGTGAAA	250	10	260	96.15384615384616
ACGCGTTT	358	9	367	97.54768392370572
ACCTTCTC	164	6	170	96.47058823529412
TACTAAGT	128	6	134	95.52238805970148
ACTTACAA	151	4	155	97.41935483870968
ACTTACAG	206	13	219	94.06392694063926
GACCGACC	277	6	283	97.87985865724382
AGAACATG	152	8	160	95.0
GACCGACA	265	13	278	95.32374100719424
GACCGACG	261	12	273	95.6043956043956
CAGCGCGT	422	26	448	94.19642857142857
ATCTGCCC	232	2	234	99.14529914529915
AGAACATA	68	1	69	98.55072463768117
ACTTACAT	178	5	183	97.26775956284153
CAGCGCGA	481	9	490	98.16326530612245
ATCTGCCT	221	8	229	96.50655021834062
AGAACATT	48	1	49	97.95918367346938
GACCGACT	210	5	215	97.67441860465115
TAGGTAAG	197	15	212	92.9245283018868
ATGTCACA	121	5	126	96.03174603174604
CGTTGAGG	271	15	286	94.75524475524476
CGTTGAGC	249	6	255	97.6470588235294
TAAGATTA	119	2	121	98.34710743801654
TAAGATTG	178	3	181	98.34254143646409
TACCTCCA	188	2	190	98.94736842105263
TACCTCCC	219	9	228	96.05263157894737
TAAGATTT	51	0	51	100.0
CGGGCAGT	396	16	412	96.11650485436894
CGCTGAAT	163	7	170	95.88235294117648
AGCACCCG	117	0	117	100.0
ATCCCAAT	128	5	133	96.2406015037594
TGTTAACT	144	8	152	94.73684210526315
GAACGAAT	123	3	126	97.61904761904762
TGTTAACA	154	2	156	98.71794871794873
TGTTAACC	112	3	115	97.3913043478261
GAACGAAG	154	13	167	92.21556886227546
CGCTGAAA	162	2	164	98.78048780487805
TTAGACTG	264	9	273	96.7032967032967
GCGCGAAC	472	31	503	93.83697813121272
GCGCGAAA	354	19	373	94.90616621983914
GCGCGAAG	394	18	412	95.63106796116504
AACCGGAA	147	7	154	95.45454545454545
AACCGGAC	180	2	182	98.9010989010989
AACCGGAG	196	11	207	94.68599033816425
GCGCGAAT	340	14	354	96.045197740113
AACCGGAT	138	5	143	96.5034965034965
TGATTAAG	129	2	131	98.47328244274809
TGATTAAC	69	2	71	97.1830985915493
TGATTAAA	76	3	79	96.20253164556962
CCAGGGTA	258	16	274	94.16058394160584
CAAATCAA	79	2	81	97.53086419753086
CAAATCAG	78	9	87	89.65517241379311
GCCCATCT	120	10	130	92.3076923076923
GTATGGGT	186	8	194	95.87628865979381
CCAGGGTT	165	4	169	97.63313609467455
GCCGACGT	356	5	361	98.61495844875347
CAAATCAT	74	10	84	88.09523809523809
AGGAAGTA	119	5	124	95.96774193548387
CCTAGGTG	270	9	279	96.7741935483871
CCTAGGTA	234	15	249	93.97590361445783
TCGTACTT	187	7	194	96.3917525773196
CGACGGAG	214	11	225	95.11111111111111
TAAGTGCA	149	17	166	89.7590361445783
CGACGGAC	276	19	295	93.55932203389831
CGACGGAA	249	10	259	96.13899613899613
TCGTACTC	258	14	272	94.85294117647058
TCGTACTA	257	11	268	95.8955223880597
AGGAAGTT	43	0	43	100.0
TTAATGAC	99	7	106	93.39622641509435
TTAATGAA	119	5	124	95.96774193548387
GCGTCGAG	541	2	543	99.6316758747698
GGATATAG	189	0	189	100.0
AGCACCCT	124	3	127	97.63779527559055
GGATATAA	80	2	82	97.5609756097561
CAATCACC	48	2	50	96.0
GGATATAC	126	7	133	94.73684210526315
GCATGACG	221	11	232	95.25862068965517
TTTGCAGG	229	9	238	96.21848739495799
TTTGCAGC	239	7	246	97.15447154471545
AGAGGAGT	68	1	69	98.55072463768117
GTTAGTAC	165	14	179	92.17877094972067
TTTGCAGT	203	9	212	95.75471698113208
GTTAGTAA	142	9	151	94.03973509933775
AGAGGAGG	131	6	137	95.62043795620438
GGTTAAAG	106	4	110	96.36363636363636
AACGCCTG	55	0	55	100.0
GGTTAAAC	152	8	160	95.0
AACGCCTC	119	6	125	95.19999999999999
GGTTAAAA	42	2	44	95.45454545454545
TACAGGGA	134	2	136	98.52941176470588
TTCTGCGT	268	14	282	95.0354609929078
TACAGGGT	134	4	138	97.10144927536231
GATAAAAG	41	0	41	100.0
GTTTGGTG	388	14	402	96.51741293532339
TTTTCGCC	170	8	178	95.50561797752809
GTTTGGTA	311	10	321	96.88473520249221
GCTATATC	186	19	205	90.73170731707317
GCTATATA	149	21	170	87.6470588235294
GCTATATG	217	20	237	91.56118143459916
GTTTGGTT	241	8	249	96.78714859437751
CAGATCAT	81	1	82	98.78048780487805
ACAATGTG	243	14	257	94.55252918287937
ACAATGTC	143	12	155	92.25806451612904
CATCTAAT	110	2	112	98.21428571428571
AATATAAG	52	6	58	89.65517241379311
GCGTTGTG	514	25	539	95.36178107606679
AATATAAA	37	4	41	90.2439024390244
GCGTTGTA	355	34	389	91.25964010282776
AATATAAC	35	5	40	87.5
GCGTTGTC	364	11	375	97.06666666666666
TAGGTGCA	323	16	339	95.28023598820059
GCGTTGTT	339	12	351	96.58119658119658
CATCTAAA	81	5	86	94.18604651162791
CATCTAAC	146	6	152	96.05263157894737
TGTCCTGA	276	4	280	98.57142857142858
ATGATTAC	107	6	113	94.69026548672566
GATCCAGG	215	7	222	96.84684684684684
GATCCCTC	69	4	73	94.52054794520548
CTATTCTA	116	6	122	95.08196721311475
GATCCAGC	208	15	223	93.27354260089686
CTATTCTC	117	3	120	97.5
GATCCAGA	190	7	197	96.44670050761421
TGTCCTGT	271	9	280	96.78571428571429
CTATTCTT	92	3	95	96.84210526315789
CCCAGCGA	270	8	278	97.12230215827337
CCCAGCGC	211	0	211	100.0
ACATCGGC	228	2	230	99.1304347826087
AAGTGTTG	178	4	182	97.8021978021978
CCACGGGG	280	10	290	96.55172413793103
CCACGGGA	305	14	319	95.61128526645768
AAGTGAGG	129	9	138	93.47826086956522
AAGTGAGC	126	1	127	99.21259842519686
AAGTGAGA	88	2	90	97.77777777777777
TCATTTAC	110	0	110	100.0
TCATTTAA	88	1	89	98.87640449438202
TCATTTAG	143	1	144	99.30555555555556
AAGTCTTT	50	1	51	98.0392156862745
TCATTTAT	75	1	76	98.68421052631578
AAGTCTTG	137	0	137	100.0
GTCCTGTG	327	12	339	96.46017699115043
GTCCTGTC	241	20	261	92.33716475095785
TTTGGCGT	255	15	270	94.44444444444444
GTTTTTAG	129	3	132	97.72727272727273
TTCGACCT	145	5	150	96.66666666666667
TCTAGGCA	205	10	215	95.34883720930233
GTTTTTAC	83	1	84	98.80952380952381
GTGTAACA	157	4	161	97.51552795031056
GTTTTTAA	72	3	75	96.0
GTCCTGTT	190	6	196	96.93877551020408
CGCCCATG	294	9	303	97.02970297029702
CGCCCATA	197	6	203	97.04433497536947
CGCCCATC	272	7	279	97.4910394265233
TTCGACCG	220	7	227	96.91629955947137
GTTTTTAT	85	1	86	98.83720930232558
GTGTAACT	120	9	129	93.02325581395348
TTCGACCC	147	5	152	96.71052631578947
TTTGGCGA	290	13	303	95.7095709570957
TTCGACCA	247	7	254	97.24409448818898
TTTGGCGC	207	9	216	95.83333333333334
TTGTAAGT	115	5	120	95.83333333333334
TGGAGGTT	102	7	109	93.57798165137615
CAAGTCTG	112	2	114	98.24561403508771
CTAACTCT	86	3	89	96.62921348314607
CAAGTCTC	85	4	89	95.50561797752809
GGTGATAC	170	9	179	94.97206703910615
TGGAGGTA	259	5	264	98.10606060606061
CTTCCTCG	314	6	320	98.125
TGGAGGTC	108	4	112	96.42857142857143
TTGTAAGC	143	2	145	98.62068965517241
TTGTAAGA	114	5	119	95.7983193277311
GGTGATAT	118	7	125	94.39999999999999
CTAACTCC	53	6	59	89.83050847457628
CCAAGCTG	212	6	218	97.24770642201835
CCAAGCTC	112	3	115	97.3913043478261
CGCCTATA	191	11	202	94.55445544554455
ATCGGTTA	211	4	215	98.13953488372093
TCGTCCGC	290	17	307	94.46254071661238
CGCCTATG	246	15	261	94.25287356321839
CACGAGCC	93	9	102	91.17647058823529
CACGAGCA	211	7	218	96.78899082568807
CACAGGAT	114	5	119	95.7983193277311
TCGTCCGT	284	13	297	95.62289562289563
GGTTATTC	243	5	248	97.98387096774194
GTAACTGG	200	11	211	94.7867298578199
TGAGTCTG	212	3	215	98.6046511627907
GTAACTGC	148	4	152	97.36842105263158
TCCAGAGT	59	9	68	86.76470588235294
GTAACTGA	137	13	150	91.33333333333333
CGACCTGC	202	14	216	93.51851851851852
GCATCGCT	254	21	275	92.36363636363636
CGACCTGA	235	12	247	95.1417004048583
CGCGCCGG	366	14	380	96.3157894736842
GTAACTGT	126	10	136	92.64705882352942
CGCGCCGC	378	28	406	93.10344827586206
CGCGCCGA	431	17	448	96.20535714285714
CGACCTGT	243	11	254	95.66929133858267
GCATCGCA	326	16	342	95.32163742690058
AGAGATAT	59	6	65	90.76923076923077
GATCGCGG	342	20	362	94.47513812154696
GATCGCGA	393	18	411	95.62043795620438
ACGCCATT	212	14	226	93.80530973451327
GCAATGTT	172	3	175	98.28571428571429
CAAGTTAA	85	2	87	97.70114942528735
TGCCTGCT	266	16	282	94.32624113475178
GATCGCGT	253	13	266	95.11278195488721
GTATCATT	114	3	117	97.43589743589743
TGCCTGCC	318	15	333	95.4954954954955
GGAGATTT	41	5	46	89.13043478260869
CACTGTCA	193	16	209	92.34449760765551
ACGCCATC	278	26	304	91.44736842105263
GCCAGGTC	242	21	263	92.01520912547528
TGTCTCCC	179	12	191	93.717277486911
TGTCTCCA	151	10	161	93.7888198757764
GGGCATTA	253	25	278	91.00719424460432
GGGCATTG	277	10	287	96.51567944250871
ATTGAGCA	108	2	110	98.18181818181819
CCAGTTGG	304	15	319	95.29780564263322
GGGCATTT	157	12	169	92.89940828402366
ACACTCGG	261	24	285	91.57894736842105
ACACTCGC	193	11	204	94.6078431372549
ACACTCGA	251	9	260	96.53846153846153
CTCATTAC	78	3	81	96.29629629629629
AGCGACGT	114	5	119	95.7983193277311
CTCATTAG	108	4	112	96.42857142857143
ACACTCGT	95	5	100	95.0
AGCGACGG	150	1	151	99.33774834437085
AGCGACGC	104	3	107	97.19626168224299
AGCGACGA	101	6	107	94.39252336448598
CTTTAACT	55	0	55	100.0
TTTTGCAT	93	0	93	100.0
AGCAATGC	95	0	95	100.0
AGCAATGG	122	1	123	99.1869918699187
CTTTAACG	90	1	91	98.9010989010989
TTTTGCAC	105	0	105	100.0
CAATGTCA	68	0	68	100.0
ACGGGCCG	223	9	232	96.12068965517241
CTTTAACA	51	0	51	100.0
TCCCAGGT	118	6	124	95.16129032258065
CCCCGGCC	183	3	186	98.38709677419355
CCCCGGCA	166	3	169	98.22485207100591
CCCCGGCG	215	3	218	98.62385321100918
AGAGCGAG	98	3	101	97.02970297029702
CGTCCGCC	187	11	198	94.44444444444444
CGTCCGCA	203	8	211	96.2085308056872
ATTTAAGA	52	1	53	98.11320754716981
ATTTAAGC	37	5	42	88.09523809523809
ATTTAAGG	70	7	77	90.9090909090909
GTGCTGAG	318	7	325	97.84615384615385
TTTTTTGG	126	4	130	96.92307692307692
AGGCAATT	42	2	44	95.45454545454545
ATATACAT	90	2	92	97.82608695652173
GCTTTTTC	130	1	131	99.23664122137404
CTCGCGCT	252	2	254	99.21259842519686
ATATACAC	75	1	76	98.68421052631578
ATATACAA	57	0	57	100.0
AAGTCCGG	141	3	144	97.91666666666666
ATATACAG	98	3	101	97.02970297029702
AAGTCCGA	157	9	166	94.57831325301204
GGACAGAA	129	13	142	90.84507042253522
CTCGCGCC	264	27	291	90.72164948453609
GCTTTTTT	108	5	113	95.57522123893806
TAGCGATG	264	14	278	94.96402877697841
GTTCTAAA	108	2	110	98.18181818181819
CCAACACG	132	10	142	92.95774647887323
TAGCGATC	136	5	141	96.45390070921985
TAGCGATA	174	22	196	88.77551020408163
GTTCTAAG	155	8	163	95.0920245398773
ACTGTAGC	165	9	174	94.82758620689656
ACTGTAGA	155	8	163	95.0920245398773
CCAACACT	105	8	113	92.92035398230088
TAGCGATT	147	8	155	94.83870967741936
GTTCTAAT	91	4	95	95.78947368421052
ACTGTAGT	162	5	167	97.0059880239521
GGACCTTC	138	7	145	95.17241379310344
GTTTCAAT	105	5	110	95.45454545454545
TCCTCAGC	169	8	177	95.48022598870057
TCCTCAGA	213	6	219	97.26027397260275
TCCTCAGG	232	12	244	95.08196721311475
GTTTCAAC	137	9	146	93.83561643835617
GTTTCAAA	112	2	114	98.24561403508771
TCACGCTA	253	9	262	96.56488549618321
TCACGCTC	227	5	232	97.84482758620689
TCACGCTG	357	1	358	99.72067039106145
TGGGACCA	259	11	270	95.92592592592592
AAGGACCA	119	4	123	96.7479674796748
AAGGACCC	65	2	67	97.01492537313433
TGGGACCG	250	10	260	96.15384615384616
GAGAAAAG	29	1	30	96.66666666666667
GAGAAAAA	9	0	9	100.0
CAGGCAAA	55	10	65	84.61538461538461
AAGGACCT	62	0	62	100.0
TGGGACCT	145	15	160	90.625
AGTTGTAT	44	7	51	86.27450980392157
GAGAAAAT	8	0	8	100.0
CGGTACTT	130	16	146	89.04109589041096
TTTCAGTA	61	8	69	88.40579710144928
GCTCATAG	177	8	185	95.67567567567568
GCTCATAA	189	11	200	94.5
GCTCATAC	214	14	228	93.85964912280701
CGGTACTG	269	10	279	96.415770609319
AGAATTGA	81	2	83	97.59036144578313
CGGTACTC	170	5	175	97.14285714285714
CGGTACTA	195	15	210	92.85714285714286
GCTCATAT	154	19	173	89.01734104046243
ATTTTGCG	163	11	174	93.67816091954023
ATTTTGCC	94	7	101	93.06930693069307
CTTCAGGT	129	9	138	93.47826086956522
ACAAGCAC	97	8	105	92.38095238095238
ACAAGCAA	91	8	99	91.91919191919192
ACAAGCAG	118	9	127	92.91338582677166
CACTCTGT	172	7	179	96.08938547486034
CACACCAG	141	9	150	94.0
CACACCAA	152	2	154	98.7012987012987
TTCTGTGG	256	9	265	96.60377358490567
ATCGCCGC	251	9	260	96.53846153846153
ACAAGTTT	43	4	47	91.48936170212765
CACACCAT	72	0	72	100.0
GCAAACAA	55	1	56	98.21428571428571
GCAAACAG	60	2	62	96.7741935483871
TAGTCCTC	39	1	40	97.5
GCAAACAT	56	0	56	100.0
ATGACAAA	23	2	25	92.0
CTTACATG	70	3	73	95.8904109589041
CATAGGAT	30	0	30	100.0
AAGCTGGC	79	0	79	100.0
ATTAAAGC	26	0	26	100.0
AAGCTGGA	76	1	77	98.7012987012987
TAACTGGG	89	4	93	95.6989247311828
ATTAAAGG	23	0	23	100.0
CTTACATT	32	0	32	100.0
CCCCGCGA	299	24	323	92.56965944272446
CATAGGAG	32	2	34	94.11764705882352
ATTAAAGT	8	1	9	88.88888888888889
AAGCTGGT	78	2	80	97.5
TAACTGGT	44	2	46	95.65217391304348
ACCTTAGT	54	4	58	93.10344827586206
TCGGTATT	77	3	80	96.25
CTCCACTT	57	1	58	98.27586206896551
CTCCACTC	100	2	102	98.0392156862745
TCGGTATC	82	3	85	96.47058823529412
CTCCACTG	90	9	99	90.9090909090909
TGCCGTGT	193	12	205	94.14634146341463
CATGGTTC	44	1	45	97.77777777777777
CATGGTTA	68	3	71	95.77464788732394
AGTTGCGT	158	6	164	96.34146341463415
AGGTCTTA	46	6	52	88.46153846153845
CATGGTTT	54	5	59	91.52542372881356
AGGTCTTC	40	2	42	95.23809523809523
GTCGGGTT	77	2	79	97.46835443037975
GTCGGGTG	100	1	101	99.00990099009901
GTCGGGTA	90	3	93	96.7741935483871
AGAACTAT	23	0	23	100.0
CCACACCG	70	1	71	98.59154929577466
ACTTGGTC	43	0	43	100.0
ACTTGGTA	37	0	37	100.0
CTCCATAA	35	0	35	100.0
CTCCATAG	55	1	56	98.21428571428571
TCGCGCGT	112	4	116	96.55172413793103
TCAGAGCG	56	0	56	100.0
TCCTGCGA	78	4	82	95.1219512195122
AATAAGGT	12	2	14	85.71428571428571
TTACTTCA	39	3	42	92.85714285714286
TTACTTCC	43	2	45	95.55555555555556
CGGGAGTC	152	7	159	95.59748427672956
TTACTTCG	68	5	73	93.15068493150685
AATAAGGC	42	1	43	97.67441860465115
AATAAGGA	22	1	23	95.65217391304348
TCCTGCGT	69	5	74	93.24324324324324
TTGCTGCG	107	4	111	96.3963963963964
TTGCTGCA	79	9	88	89.77272727272727
TTGCTGCC	59	7	66	89.39393939393939
ATATCCGA	51	6	57	89.47368421052632
CTGATAAT	21	2	23	91.30434782608695
GGCAGGGC	52	6	58	89.65517241379311
TTGCTGCT	238	21	259	91.8918918918919
CTGATAAG	115	3	118	97.45762711864407
CTGATAAC	92	8	100	92.0
CTGATAAA	47	3	50	94.0
CAGTAGGT	134	1	135	99.25925925925925
AGTCTCCG	121	0	121	100.0
GGATTTCC	114	1	115	99.1304347826087
AGTCTCCA	105	1	106	99.05660377358491
CCAGTAGT	155	3	158	98.10126582278481
AGTCTCCC	118	1	119	99.15966386554622
AGTCTCCT	76	6	82	92.6829268292683
CAGTAGGG	185	10	195	94.87179487179486
GGATTTCT	100	4	104	96.15384615384616
CAGTAGGA	130	2	132	98.48484848484848
CAGTAGGC	116	7	123	94.3089430894309
AAATGCGT	98	13	111	88.28828828828829
GGAGGTAG	172	6	178	96.62921348314607
ATTGCCTG	234	10	244	95.90163934426229
GGAGGTAC	119	7	126	94.44444444444444
ATGGTAAG	139	8	147	94.5578231292517
TGACATCG	268	8	276	97.10144927536231
ATGGTAAA	95	4	99	95.95959595959596
GGAGGTAT	168	7	175	96.0
AAATGCGG	218	6	224	97.32142857142857
TCAGATAC	95	4	99	95.95959595959596
TCAGATAA	88	5	93	94.6236559139785
AAATGCGA	129	4	133	96.99248120300751
ATTGCTCT	164	1	165	99.39393939393939
GGCTGAAA	129	2	131	98.47328244274809
GGCTGAAC	265	7	272	97.42647058823529
TCTGGCGT	426	14	440	96.81818181818181
TACGCTTT	204	9	213	95.77464788732394
CCTCCTTG	387	27	414	93.47826086956522
CGATGCCC	263	9	272	96.69117647058823
CGATGCCA	405	16	421	96.19952494061758
TCTGGCGC	350	12	362	96.68508287292818
GGCTGAAT	240	3	243	98.76543209876543
GGCTGTCC	419	11	430	97.44186046511628
TACGCTTG	324	1	325	99.6923076923077
GGCTGTCG	523	6	529	98.86578449905483
ATATTTGG	155	0	155	100.0
TACGCTTA	245	15	260	94.23076923076923
GGTTCACC	255	11	266	95.86466165413535
GGTTCACA	301	14	315	95.55555555555556
GGTTCACG	450	10	460	97.82608695652173
GACAAGGT	135	9	144	93.75
TAGTGTTA	56	8	64	87.5
CCACCACA	302	11	313	96.48562300319489
GGTTCACT	251	13	264	95.07575757575758
ATCGTTCG	323	5	328	98.47560975609755
TAGTGTTT	187	5	192	97.39583333333334
CCTCCCAC	332	16	348	95.40229885057471
CCGACAGG	291	23	314	92.67515923566879
ACGAATGC	165	11	176	93.75
ACGAATGA	161	9	170	94.70588235294117
ACGAATGG	294	10	304	96.71052631578947
CCGACAGA	249	9	258	96.51162790697676
CCGACAGT	223	3	226	98.67256637168141
ACGAATGT	187	26	213	87.79342723004694
AAATGCTC	51	1	52	98.07692307692307
GGTAGCGA	266	22	288	92.36111111111111
GGTAGCGC	251	12	263	95.43726235741445
GGTAGCGG	387	10	397	97.48110831234257
AGTCAAAG	77	0	77	100.0
GAGGAGAC	68	4	72	94.44444444444444
AGTCAAAC	77	0	77	100.0
GAGGAGAG	146	3	149	97.98657718120806
AGTCAAAA	33	2	35	94.28571428571428
GCTGTAGT	175	16	191	91.62303664921467
TGCGGTAC	382	24	406	94.08866995073892
CGCTATTG	291	19	310	93.87096774193549
CGCTATTA	236	7	243	97.11934156378601
CGCTATTC	199	7	206	96.60194174757282
CGCTTACT	233	8	241	96.6804979253112
GCAACCGT	233	2	235	99.14893617021276
GCAACCGC	208	5	213	97.65258215962442
CGCTTACC	197	6	203	97.04433497536947
CGCTTACA	217	23	240	90.41666666666667
TGAATCTC	71	13	84	84.52380952380952
TGAATCTA	119	14	133	89.47368421052632
TGAATCTG	150	15	165	90.9090909090909
ATTCTCGG	219	15	234	93.58974358974359
ATTCTCGC	166	19	185	89.72972972972974
TAGCCATC	254	25	279	91.0394265232975
TAGCCATA	243	14	257	94.55252918287937
TAGCCATG	364	19	383	95.03916449086162
ACCAGATA	151	6	157	96.17834394904459
CGGACCGG	413	19	432	95.60185185185185
ACCAGATC	113	8	121	93.38842975206612
CGGACCGA	351	15	366	95.90163934426229
TAGCCATT	189	7	196	96.42857142857143
AGAAGAGG	57	2	59	96.61016949152543
CGGACCGT	286	23	309	92.55663430420712
AGAAGAGC	39	4	43	90.69767441860465
AGAAGAGA	50	3	53	94.33962264150944
CCGCGGAA	290	18	308	94.15584415584416
CCGCGGAC	410	24	434	94.47004608294931
CCCGGGGA	294	6	300	98.0
CCCGGGGG	333	19	352	94.60227272727273
ACGGACTT	175	2	177	98.87005649717514
CGCACACT	220	11	231	95.23809523809523
CCGCGGAT	372	13	385	96.62337662337663
CGCACACC	251	7	258	97.28682170542635
ACGGACTC	268	5	273	98.16849816849816
CGCACACA	258	17	275	93.81818181818183
ACGGACTA	331	14	345	95.94202898550725
CGCACACG	381	13	394	96.7005076142132
ACGGACTG	360	22	382	94.24083769633508
GTTTATGC	239	12	251	95.2191235059761
GTTTATGA	302	13	315	95.87301587301587
TGTGACTG	440	25	465	94.6236559139785
TGTGACTA	337	12	349	96.56160458452722
TGTGACTT	245	10	255	96.07843137254902
TGCAGCAC	335	12	347	96.54178674351584
GGCCCACG	542	17	559	96.95885509838999
TGCAGCAA	320	23	343	93.29446064139941
GGCCCACA	376	20	396	94.94949494949495
TGGCGATT	262	3	265	98.86792452830188
CCAGCCTG	403	7	410	98.29268292682927
TGTGATAT	200	4	204	98.0392156862745
AACCACTT	121	11	132	91.66666666666666
GGGATCTT	167	7	174	95.97701149425288
TTTGGATG	234	15	249	93.97590361445783
GGCCCACT	329	23	352	93.4659090909091
TGGCGATC	339	20	359	94.42896935933148
TTTGGATC	168	5	173	97.10982658959537
TTTGGATA	190	20	210	90.47619047619048
GGGATCTA	169	5	174	97.12643678160919
GGGATCTC	140	10	150	93.33333333333333
AACCACTC	113	2	115	98.26086956521739
TGTGATAA	209	3	212	98.58490566037736
AACCACTG	222	13	235	94.46808510638299
CGAGCGCT	92	4	96	95.83333333333334
AACACTGT	172	3	175	98.28571428571429
AGGCGGCA	406	23	429	94.63869463869464
GTCTGAGG	281	6	287	97.90940766550523
GTCTGAGA	240	9	249	96.3855421686747
GTCTGAGC	249	11	260	95.76923076923077
TATATGAA	105	4	109	96.3302752293578
TATATGAC	164	4	168	97.61904761904762
AACACTGC	169	6	175	96.57142857142857
GTCTGAGT	256	7	263	97.33840304182509
ATATGTAT	109	6	115	94.78260869565217
TAGCGTGG	468	17	485	96.49484536082474
TAGCGTGA	457	30	487	93.83983572895276
ATATGTAG	189	10	199	94.9748743718593
CGCCTAAA	223	7	230	96.95652173913044
ATATGTAC	126	7	133	94.73684210526315
ATATGTAA	116	5	121	95.86776859504133
TAGCGTGT	377	29	406	92.85714285714286
GTCATTAT	132	10	142	92.95774647887323
CTGCTGTC	326	10	336	97.02380952380952
GTCATTAG	241	10	251	96.01593625498009
GTCATTAC	170	7	177	96.045197740113
GTCATTAA	166	4	170	97.6470588235294
TGGTCAGC	326	10	336	97.02380952380952
TGGTCAGA	312	12	324	96.29629629629629
ACATGTCT	198	14	212	93.39622641509435
TTCAGGCC	165	3	168	98.21428571428571
TTCAGGCA	234	11	245	95.51020408163265
AAGTTTGT	115	4	119	96.63865546218487
ATGCAGGC	340	7	347	97.98270893371757
ATATTCCT	82	3	85	96.47058823529412
ATGCAGGG	317	13	330	96.06060606060606
ACATGTCG	427	11	438	97.48858447488584
ACATGTCC	86	7	93	92.47311827956989
CGTGTTCA	154	10	164	93.90243902439023
CGTGTTCC	145	18	163	88.95705521472392
AAGTTTGG	56	4	60	93.33333333333333
ATATTCCA	43	7	50	86.0
AACGGCGC	137	10	147	93.19727891156462
CCACTAGG	142	21	163	87.11656441717791
AACGGCGA	157	2	159	98.74213836477988
AAGTTTGA	64	2	66	96.96969696969697
AGGACAAC	66	0	66	100.0
AGGACAAA	38	0	38	100.0
GACAGCAA	101	7	108	93.51851851851852
GACAGCAC	126	0	126	100.0
TCTGCTAG	162	8	170	95.29411764705881
TCTGCTAC	138	1	139	99.28057553956835
GACCAGTT	84	2	86	97.67441860465115
TCTGCTAA	82	5	87	94.25287356321839
AGTAAGCA	46	7	53	86.79245283018868
AGTAAGCC	46	0	46	100.0
GTACTTGT	115	6	121	95.0413223140496
TAACTCAT	30	5	35	85.71428571428571
GCTGTGAG	188	16	204	92.15686274509804
AGTAAGCG	40	6	46	86.95652173913044
ACGACGCC	122	13	135	90.37037037037037
GTACTTGA	117	19	136	86.02941176470588
TAACTCAC	61	4	65	93.84615384615384
GTACTTGC	106	15	121	87.60330578512396
GTACTTGG	129	22	151	85.43046357615894
ACGACGCT	93	14	107	86.91588785046729
GAAAGGAC	38	0	38	100.0
GAAAGGAA	23	1	24	95.83333333333334
GAAAGGAG	31	6	37	83.78378378378379
CTACATTG	96	7	103	93.20388349514563
CCAAAAAT	17	0	17	100.0
GAATGGGG	108	5	113	95.57522123893806
GAAAGGAT	37	1	38	97.36842105263158
CCAAAAAA	24	2	26	92.3076923076923
CTACATTT	43	9	52	82.6923076923077
CCAAAAAG	18	1	19	94.73684210526315
CCCTCAGG	151	6	157	96.17834394904459
TAACGTGG	169	8	177	95.48022598870057
CCCTCAGC	126	6	132	95.45454545454545
TGACGTTT	77	9	86	89.53488372093024
AATCCATA	48	3	51	94.11764705882352
GCCCAAGA	128	6	134	95.52238805970148
GCCCAAGG	163	5	168	97.02380952380952
CACTGCGG	747	32	779	95.89216944801026
TTTATACA	39	2	41	95.1219512195122
TAACGTGT	105	15	120	87.5
CCCTCAGT	105	10	115	91.30434782608695
AATACGAA	44	7	51	86.27450980392157
AATACGAG	68	4	72	94.44444444444444
TTTATACG	51	6	57	89.47368421052632
AATCCATT	41	2	43	95.34883720930233
GCCCAAGT	117	9	126	92.85714285714286
TATTGGTT	58	13	71	81.69014084507043
AGGTAATT	37	4	41	90.2439024390244
TATTGGTC	82	8	90	91.11111111111111
TATTGGTG	119	7	126	94.44444444444444
CGGAACAA	78	2	80	97.5
GTGTCTAT	103	11	114	90.35087719298247
TGTGTCCC	163	31	194	84.02061855670104
TGTGTCCG	196	29	225	87.1111111111111
GTGTCTAC	96	12	108	88.88888888888889
GTGTCTAA	84	5	89	94.3820224719101
GTGTCTAG	91	13	104	87.5
ATCCTATG	97	13	110	88.18181818181819
AGCATGTC	100	8	108	92.5925925925926
AGCATGTG	139	9	148	93.91891891891892
TGTGTCCT	127	17	144	88.19444444444444
AGCGTGTT	157	16	173	90.7514450867052
TTGCAACT	94	11	105	89.52380952380953
TTGCCTTT	109	20	129	84.49612403100775
TTATATGT	46	11	57	80.7017543859649
GGACTTTT	73	3	76	96.05263157894737
TTGCAACC	90	5	95	94.73684210526315
TTGCCTTG	168	21	189	88.88888888888889
AGCGTGTC	169	12	181	93.37016574585635
AGATACGC	89	8	97	91.75257731958763
TTATATGG	108	9	117	92.3076923076923
AGATACGA	76	10	86	88.37209302325581
TTATATGA	39	19	58	67.24137931034483
AGATACGG	67	13	80	83.75
GAACGTGT	116	15	131	88.54961832061069
AAGGGTAT	56	6	62	90.32258064516128
AACCGTGT	110	11	121	90.9090909090909
TGTTACTT	50	0	50	100.0
TGACCCAT	105	10	115	91.30434782608695
AGCGAGAT	95	2	97	97.9381443298969
GAACGTGC	144	13	157	91.71974522292994
CTTCACAA	123	7	130	94.61538461538461
TGACCCAC	108	34	142	76.05633802816901
CTTCACAC	125	1	126	99.20634920634922
TGACCCAA	126	2	128	98.4375
CTTCACAG	158	2	160	98.75
AACCGTGG	135	16	151	89.40397350993378
ACGCTGAC	148	8	156	94.87179487179486
CTATTGAA	41	8	49	83.6734693877551
CTATTGAG	83	7	90	92.22222222222223
TTCGGTTA	127	4	131	96.94656488549617
GTCATGTT	60	11	71	84.50704225352112
TTCGGTTT	78	5	83	93.97590361445783
CAGGATTA	56	9	65	86.15384615384616
CAGGATTC	53	2	55	96.36363636363636
TTTGTCAC	94	21	115	81.73913043478261
GTCATGTC	124	13	137	90.51094890510949
TTTGTCAA	76	6	82	92.6829268292683
GTCATGTA	109	11	120	90.83333333333333
TCGGAGTG	161	22	183	87.97814207650273
TCGGAGTC	83	3	86	96.51162790697676
GTTGCGTA	766	15	781	98.07938540332907
TTTAGTCT	43	6	49	87.75510204081633
TCCATGGT	113	9	122	92.62295081967213
TACCGCCG	180	11	191	94.24083769633508
TACCGCCA	236	14	250	94.39999999999999
GACGTGCG	328	17	345	95.07246376811594
CCCTGCGT	232	7	239	97.07112970711297
TACCGCCT	217	10	227	95.59471365638767
TCCATGGG	279	14	293	95.22184300341297
TGAGCAAT	125	7	132	94.6969696969697
TCCATGGC	242	15	257	94.16342412451361
AGGGCGCA	360	3	363	99.17355371900827
CCCTGCGA	346	5	351	98.57549857549857
GACGATTT	89	0	89	100.0
ATATGGGT	128	0	128	100.0
GACGATTA	151	3	154	98.05194805194806
GACGATTC	130	5	135	96.29629629629629
TTACGCCA	303	14	317	95.58359621451105
TTATTAGT	92	3	95	96.84210526315789
GTACGTCT	184	11	195	94.35897435897435
CGTGAGTT	155	5	160	96.875
TTATTAGC	116	7	123	94.3089430894309
TTATTAGA	94	4	98	95.91836734693877
TTATTAGG	178	10	188	94.68085106382979
TTACGCCT	210	5	215	97.67441860465115
CATGTACA	249	4	253	98.41897233201581
GTACGTCC	252	13	265	95.09433962264151
TGTCAGAC	166	5	171	97.07602339181285
TGTCAGAA	103	5	108	95.37037037037037
TTATGCCC	182	3	185	98.37837837837839
GCCGTAGT	261	12	273	95.6043956043956
TTATGCCT	132	7	139	94.96402877697841
CAATTAGA	50	3	53	94.33962264150944
CAATTAGG	61	0	61	100.0
TGTCAGAT	106	3	109	97.24770642201835
GATCAACA	131	7	138	94.92753623188406
GATCAACC	121	2	123	98.3739837398374
GCCGTAGA	274	15	289	94.80968858131487
GATCAACG	168	2	170	98.82352941176471
GGAGAGCT	72	2	74	97.2972972972973
GTCTTGGC	223	12	235	94.8936170212766
GCATCCTT	200	4	204	98.0392156862745
ACCAAGCT	76	2	78	97.43589743589743
TATGTACT	108	8	116	93.10344827586206
GGAGAGCG	189	6	195	96.92307692307692
GTCTTGGT	345	22	367	94.00544959128065
GGAGAGCC	88	0	88	100.0
GGAGAGCA	153	7	160	95.625
ACCAAGCG	148	6	154	96.1038961038961
TATGTACC	147	4	151	97.35099337748345
ACCAAGCC	98	2	100	98.0
TATGTACA	137	3	140	97.85714285714285
GATACTGA	143	4	147	97.27891156462584
GATACTGC	188	8	196	95.91836734693877
ATGATGGG	168	5	173	97.10982658959537
GATACTGG	163	7	170	95.88235294117648
CAGCCTTT	134	8	142	94.36619718309859
TTGCTTGT	230	8	238	96.63865546218487
TTAGACTT	79	0	79	100.0
CAGCCTTC	135	1	136	99.26470588235294
ATATCGAC	89	3	92	96.73913043478261
CAGCCTTG	247	7	254	97.24409448818898
GATACTGT	165	2	167	98.80239520958084
TCAAACTC	48	3	51	94.11764705882352
CAATATGA	82	3	85	96.47058823529412
TTGCTTGA	237	5	242	97.93388429752066
TTCTAAGG	105	4	109	96.3302752293578
ATATAGTA	73	4	77	94.8051948051948
AAGTCGTC	142	8	150	94.66666666666667
ATATAGTC	66	3	69	95.65217391304348
ATATAGTG	93	9	102	91.17647058823529
CCCGGCAC	342	22	364	93.95604395604396
GAGCCTGC	262	8	270	97.03703703703704
TGGCTTTG	281	8	289	97.23183391003461
GAGCCTGA	207	9	216	95.83333333333334
GAGCCTGG	242	5	247	97.97570850202429
TGGCTTTC	147	6	153	96.07843137254902
TCCCACTA	201	3	204	98.52941176470588
TTGTCACA	225	3	228	98.68421052631578
TCCCACTC	182	5	187	97.32620320855615
TCCCACTG	257	8	265	96.98113207547169
TTGTCACG	291	13	304	95.72368421052632
ACTAATTC	84	5	89	94.3820224719101
AGCGGGTT	234	4	238	98.31932773109243
ACTAATTG	122	7	129	94.57364341085271
CGCCTTCT	284	7	291	97.59450171821305
AGCGGGTA	242	6	248	97.58064516129032
AGCGGGTC	243	11	254	95.66929133858267
TCATATCG	262	9	271	96.6789667896679
ACTAATTT	24	1	25	96.0
TTCGAGTT	118	5	123	95.9349593495935
TATGTTAA	103	4	107	96.26168224299066
GTGGTCCG	332	8	340	97.6470588235294
AGTGTCTG	114	6	120	95.0
GTGGTCCA	284	10	294	96.5986394557823
TCTGGGAT	107	11	118	90.67796610169492
GTGGTCCC	257	7	264	97.34848484848484
TTCGAGTC	157	4	161	97.51552795031056
TTCGAGTA	194	11	205	94.6341463414634
TTCGAGTG	212	9	221	95.92760180995475
AGTGTCTT	115	3	118	97.45762711864407
GTGGTCCT	215	6	221	97.28506787330316
TCTGGGAC	190	7	197	96.44670050761421
TCTGGGAG	181	5	186	97.31182795698925
GTGCTTGG	314	11	325	96.61538461538461
TATAGTCG	128	3	131	97.70992366412213
AGTGTTAT	126	5	131	96.18320610687023
GAGCTTTG	144	2	146	98.63013698630137
GAGCTTTC	100	0	100	100.0
GAGCTTTA	98	1	99	98.98989898989899
TAGACCAT	88	2	90	97.77777777777777
AGTGTTAC	139	6	145	95.86206896551724
ACGGCACG	227	20	247	91.90283400809717
TACTATTT	49	5	54	90.74074074074075
GATGTACG	251	10	261	96.16858237547893
GTCACATG	255	9	264	96.5909090909091
GATGTACA	172	4	176	97.72727272727273
TACTATTC	64	3	67	95.52238805970148
CTAAAGCA	88	1	89	98.87640449438202
TACTATTG	153	1	154	99.35064935064936
CTAAAGCG	66	3	69	95.65217391304348
GATGTACT	136	2	138	98.55072463768117
ACTACTTG	126	3	129	97.67441860465115
CGGTAGAC	112	1	113	99.11504424778761
TTACAGGT	142	2	144	98.61111111111111
CGGTTGTG	273	3	276	98.91304347826086
CGGTTGTA	216	18	234	92.3076923076923
CGGTTGTC	140	21	161	86.95652173913044
GTACCTGG	235	7	242	97.10743801652893
TTTCAAGT	86	5	91	94.5054945054945
GTACCTGC	183	17	200	91.5
TTTCAAGA	80	1	81	98.76543209876543
TTTCAAGC	110	7	117	94.01709401709401
TTTCAAGG	143	10	153	93.4640522875817
GTGGAAAC	58	0	58	100.0
TCATCGAG	357	16	373	95.71045576407506
GTGGAAAA	69	3	72	95.83333333333334
CTCATGAA	108	13	121	89.25619834710744
TAATGGGG	180	5	185	97.2972972972973
TAATGGGC	99	7	106	93.39622641509435
GTGGAAAT	64	1	65	98.46153846153847
TAAAGGAA	39	1	40	97.5
TAAAGGAG	39	1	40	97.5
CCGGGTCT	239	10	249	95.98393574297188
CGATCGCG	283	7	290	97.58620689655172
TAGATGAG	98	3	101	97.02970297029702
TAGATGAA	77	2	79	97.46835443037975
TAGATGAC	88	1	89	98.87640449438202
CCGGAATC	102	2	104	98.07692307692307
CCGGAATA	175	15	190	92.10526315789474
CCGGGTCA	349	27	376	92.81914893617021
CCGGGTCC	212	9	221	95.92760180995475
TAGATGAT	83	2	85	97.6470588235294
ATCATCCA	119	6	125	95.19999999999999
AGGTATTT	66	3	69	95.65217391304348
TGCTCTCT	160	18	178	89.8876404494382
TCGAGGGG	204	1	205	99.51219512195122
ACCCGCTA	189	9	198	95.45454545454545
ACCCGCTC	204	21	225	90.66666666666666
ATCATCCT	102	4	106	96.22641509433963
ACCCGCTT	220	3	223	98.65470852017937
CGTCGGGT	300	23	323	92.87925696594426
CTCCCACT	153	4	157	97.45222929936305
CGCCGCGC	290	9	299	96.98996655518395
TTTTTAAT	49	6	55	89.0909090909091
GGCCACAA	122	6	128	95.3125
CGCCGCGT	343	16	359	95.54317548746518
TTTTTAAG	56	0	56	100.0
CTCCCACA	210	2	212	99.05660377358491
CCATTGGA	209	12	221	94.57013574660633
ATAATTAA	49	0	49	100.0
CATAAACC	44	0	44	100.0
TATAAAGT	39	0	39	100.0
CCATTATC	110	8	118	93.22033898305084
TATCGGAG	93	4	97	95.87628865979381
CGCTGTGA	506	16	522	96.93486590038314
CAGGGTCA	344	12	356	96.62921348314607
CGCTGTGG	573	33	606	94.55445544554455
CAACCACT	61	10	71	85.91549295774648
TATCGGAA	238	9	247	96.35627530364373
TGTGGGCG	319	8	327	97.55351681957187
TCGATCCT	75	1	76	98.68421052631578
TGTGGGCA	533	5	538	99.07063197026022
CAACCACA	203	1	204	99.50980392156863
CAACCACC	156	0	156	100.0
CAGGGTCT	228	3	231	98.7012987012987
CGCTGTGT	560	9	569	98.41827768014059
ACGCGACC	439	16	455	96.48351648351648
TGGGGACT	210	0	210	100.0
TTGGGCAT	324	5	329	98.48024316109422
GTATGAAG	94	2	96	97.91666666666666
TGGGTGTA	415	14	429	96.73659673659674
TGGGTGTG	453	33	486	93.20987654320987
CTTGAGCT	147	7	154	95.45454545454545
TTGGGCAC	369	17	386	95.59585492227978
TGGGGACA	286	17	303	94.38943894389439
TTGGGCAA	337	20	357	94.39775910364145
TGGGGACC	181	8	189	95.76719576719577
TAAAAATA	23	0	23	100.0
GTTACGCT	235	5	240	97.91666666666666
TGGGGACG	307	7	314	97.77070063694268
CTTGAGCA	317	8	325	97.53846153846155
CTTGAGCG	105	5	110	95.45454545454545
AAACCACG	225	5	230	97.82608695652173
GTACAAAC	133	4	137	97.08029197080292
AAACCACA	132	7	139	94.96402877697841
ACCCGTAT	297	16	313	94.88817891373802
ACACGCCA	227	31	258	87.98449612403101
AGCTCAGC	215	8	223	96.41255605381166
AAACCACT	91	6	97	93.81443298969072
AGCTCAGT	95	8	103	92.23300970873787
TTCGCATG	463	20	483	95.8592132505176
ACCCGTAG	333	11	344	96.80232558139535
TTCGCATC	370	18	388	95.36082474226805
CTGTCAAG	331	22	353	93.76770538243626
TTGTAACC	25	5	30	83.33333333333334
GCCTACTA	352	25	377	93.36870026525199
CAGGGGAT	175	5	180	97.22222222222221
CTGTCAAC	249	8	257	96.88715953307393
TTGTAACG	38	5	43	88.37209302325581
CTGTCAAA	179	7	186	96.23655913978494
ACTCAAAC	196	6	202	97.02970297029702
TATTACAG	247	5	252	98.01587301587301
CTGTCTGG	436	16	452	96.46017699115043
TATTACAC	31	6	37	83.78378378378379
CTGTCTGC	388	12	400	97.0
TAGGACGG	356	14	370	96.21621621621622
CTGTCAAT	36	2	38	94.73684210526315
CAGGGGAC	148	2	150	98.66666666666667
TAGGACGA	49	4	53	92.45283018867924
CTGTCTGT	388	13	401	96.75810473815461
TATTACAT	152	3	155	98.06451612903226
AGGATATA	110	8	118	93.22033898305084
TGGGAAAC	95	3	98	96.93877551020408
GAACGGCC	213	11	224	95.08928571428571
CATTACGG	353	13	366	96.44808743169399
TGGATGGA	121	9	130	93.07692307692308
TGGATGGC	235	10	245	95.91836734693877
GCGCGGCC	463	12	475	97.47368421052632
GCGCGGCA	618	20	638	96.86520376175548
GCGCGGCG	707	40	747	94.64524765729585
AGGATATT	96	4	100	96.0
TGGATGGT	325	13	338	96.15384615384616
GAACGGCT	210	5	215	97.67441860465115
GATAATGC	129	4	133	96.99248120300751
GATAATGA	189	8	197	95.93908629441624
CATTGGAA	165	2	167	98.80239520958084
CAGTTCGC	131	17	148	88.51351351351352
CAGTTCGA	315	6	321	98.13084112149532
ACCGTCAG	478	13	491	97.35234215885947
ACCGTCAA	135	13	148	91.21621621621621
GAGGGCTC	156	2	158	98.73417721518987
GAATGTCC	207	4	211	98.10426540284361
TCAGCTTG	467	10	477	97.9035639412998
GGCTTACG	232	12	244	95.08196721311475
TCAGCCTT	259	5	264	98.10606060606061
TCAGTTCA	212	13	225	94.22222222222221
GAACTCGC	256	5	261	98.08429118773945
GAACTCGA	248	5	253	98.02371541501977
GTACTGCG	594	15	609	97.53694581280789
GAACTCGG	304	3	307	99.0228013029316
TGTCCGGT	394	20	414	95.16908212560386
GCTATGCA	246	13	259	94.98069498069498
TTCTCGAA	219	19	238	92.01680672268907
TCAGCTTT	125	1	126	99.20634920634922
TTCTCGAC	272	20	292	93.15068493150685
TTCCATGT	146	6	152	96.05263157894737
GCTATGCG	246	13	259	94.98069498069498
GGCTTACT	145	10	155	93.54838709677419
AACCTAAG	184	3	187	98.3957219251337
GTCGTCGG	580	15	595	97.47899159663865
TGTCCGGG	510	20	530	96.22641509433963
AACCTAAC	101	4	105	96.19047619047619
GTCGTCGC	175	5	180	97.22222222222221
AACCTAAA	73	2	75	97.33333333333334
ATGTTCGT	93	3	96	96.875
TTCGGAGG	120	1	121	99.17355371900827
TTGTTACT	78	3	81	96.29629629629629
CCAGCTTC	162	7	169	95.85798816568047
TTCGGAGA	109	2	111	98.1981981981982
ACACTCCC	166	18	184	90.21739130434783
ATGTTCGC	81	3	84	96.42857142857143
CCAGAGCA	65	0	65	100.0
CCAGCATC	218	12	230	94.78260869565217
TTCGGAGT	131	3	134	97.76119402985076
TTGTTACA	60	1	61	98.36065573770492
TTGTTACC	73	0	73	100.0
AAATTTGT	24	0	24	100.0
CGCTCTTG	162	11	173	93.64161849710982
ATGATAGC	46	10	56	82.14285714285714
ATGATAGA	60	1	61	98.36065573770492
CTATAAAA	19	3	22	86.36363636363636
AATTAATA	63	2	65	96.92307692307692
AAATTTGG	56	3	59	94.91525423728814
AAATTTGA	33	3	36	91.66666666666666
AAATTTGC	31	0	31	100.0
CTATAAAG	25	0	25	100.0
ATTTAACT	74	0	74	100.0
TGCGTCGC	201	4	205	98.04878048780488
CCCCGGGA	314	19	333	94.29429429429429
GAAATTTC	22	0	22	100.0
ACAGCCGC	240	7	247	97.16599190283401
GAAATTTG	32	1	33	96.96969696969697
ACAGCCGA	109	4	113	96.46017699115043
TGCGTCGT	169	4	173	97.6878612716763
ATTTAACA	116	2	118	98.30508474576271
TACATTGA	105	6	111	94.5945945945946
AAACGCCG	82	3	85	96.47058823529412
ACAGCCGT	129	0	129	100.0
GAAATTTT	8	0	8	100.0
TACATTGG	88	2	90	97.77777777777777
ATCCGCGG	172	2	174	98.85057471264368
AATCCCAG	47	2	49	95.91836734693877
AGCCTCCT	100	2	102	98.0392156862745
ATCCGCGC	131	7	138	94.92753623188406
ATCCGCGA	134	8	142	94.36619718309859
AATCCCAT	52	11	63	82.53968253968253
AGCCTCCA	102	6	108	94.44444444444444
AGCCTCCG	134	11	145	92.41379310344827
ACAAAGGT	34	1	35	97.14285714285714
CCTCAAGA	104	6	110	94.54545454545455
GTGAGAGA	66	1	67	98.50746268656717
CACAAGAG	58	0	58	100.0
CACAAGAA	24	4	28	85.71428571428571
CTTAACAC	66	7	73	90.41095890410958
GAGGTAGC	84	1	85	98.82352941176471
CTTAACAA	58	4	62	93.54838709677419
GAGGTAGA	98	1	99	98.98989898989899
CTTAACAG	0	5	5	0.0
TTTGTATC	2	9	11	18.181818181818183
TTTGTATG	1	5	6	16.666666666666664
ATTCGCTT	60	2	62	96.7741935483871
GAGGTAGT	83	1	84	98.80952380952381
CTTAACAT	43	2	45	95.55555555555556
ATTCGCTC	112	5	117	95.72649572649573
ATTCGCTA	101	5	106	95.28301886792453
TTTGTATT	65	5	70	92.85714285714286
TGCTGTCA	125	5	130	96.15384615384616
GAGTGGGC	385	4	389	98.97172236503856
GCCACATT	340	7	347	97.98270893371757
GAGTGGGA	77	4	81	95.06172839506173
AACAGCGA	289	11	300	96.33333333333334
GCAGTAGA	414	20	434	95.39170506912443
TCCTCACC	330	5	335	98.50746268656717
GCAGTAGG	266	2	268	99.25373134328358
GGGGCATG	758	29	787	96.3151207115629
TTAGCATA	194	5	199	97.48743718592965
TCTACGTG	425	35	460	92.3913043478261
TTAGCATG	362	9	371	97.57412398921834
GAATCAAG	98	3	101	97.02970297029702
GGGGCATT	232	1	233	99.57081545064378
GCAGTAGT	257	1	258	99.6124031007752
AAGAGTAG	103	3	106	97.16981132075472
AAGAGTAA	54	0	54	100.0
CAGGCTGT	256	2	258	99.2248062015504
AAGAGTAC	50	0	50	100.0
AAAGGTTC	60	2	62	96.7741935483871
CGGGGCTG	358	2	360	99.44444444444444
AAGAGTAT	55	3	58	94.82758620689656
CAGGCTGC	237	7	244	97.1311475409836
CAGGCTGG	220	3	223	98.65470852017937
TCGTTGCA	330	7	337	97.92284866468842
TCGTTGCC	373	13	386	96.6321243523316
TCCAGGGA	183	3	186	98.38709677419355
TCCAGGGC	105	4	109	96.3302752293578
TCGTTGCT	240	0	240	100.0
CGAGGCCG	214	3	217	98.61751152073732
CCTGCGAT	217	3	220	98.63636363636363
ACGCCTGG	256	7	263	97.33840304182509
GGGACCCG	175	1	176	99.43181818181817
GGGACCCA	172	7	179	96.08938547486034
ACGCCTGA	240	13	253	94.86166007905138
CGAGGCCC	134	10	144	93.05555555555556
GGGACCCT	151	7	158	95.56962025316456
ACGCCTGT	263	24	287	91.63763066202091
CCTGCGAG	258	1	259	99.61389961389962
CCTGCGAA	267	6	273	97.8021978021978
CCTGCGAC	235	8	243	96.70781893004116
AGCGATAG	203	8	211	96.2085308056872
CCCTGATT	150	10	160	93.75
AGCGATAC	185	3	188	98.40425531914893
CTTCAGCG	247	18	265	93.20754716981132
ACGGGTGT	253	5	258	98.06201550387597
CCCTGATG	221	6	227	97.3568281938326
AGCGATAT	94	8	102	92.15686274509804
ACGGGTGG	305	8	313	97.44408945686901
ACGGGTGC	268	9	277	96.75090252707581
ACGGGTGA	309	15	324	95.37037037037037
CTGCAACA	199	15	214	92.99065420560748
CGGCACAG	449	17	466	96.35193133047211
GAGGATGT	219	9	228	96.05263157894737
CGGCACAA	358	5	363	98.62258953168043
GATTGCTG	248	8	256	96.875
GATTGCTC	231	1	232	99.56896551724138
GATTGCTA	224	4	228	98.24561403508771
GAGGATGA	209	5	214	97.66355140186917
CGGCACAT	365	16	381	95.8005249343832
GAGGATGG	261	0	261	100.0
ACCCCTGC	237	1	238	99.57983193277312
GCTGTTAA	103	14	117	88.03418803418803
ACCCCTGG	219	0	219	100.0
CCATAGTC	170	0	170	100.0
CGGTCTGT	285	8	293	97.26962457337885
AGTTGGGT	137	7	144	95.13888888888889
GCTCTAGG	275	0	275	100.0
CGGTCTGC	314	6	320	98.125
CGGTCTGA	311	7	318	97.79874213836479
CGGTCTGG	336	3	339	99.11504424778761
GTTACGCG	348	13	361	96.39889196675901
GCTCTAGT	221	6	227	97.3568281938326
GTTACGCA	315	9	324	97.22222222222221
ATTGAAAC	47	6	53	88.67924528301887
CGTTCCAT	198	15	213	92.95774647887323
GCATATTC	161	6	167	96.40718562874252
GCATATTG	314	11	325	96.61538461538461
CGTTCCAC	274	7	281	97.50889679715303
CGTTCCAA	219	11	230	95.21739130434783
CGTTCCAG	276	15	291	94.84536082474226
ATTGAAAT	40	0	40	100.0
GCCGAATG	281	22	303	92.73927392739274
GCATATTT	129	2	131	98.47328244274809
GTGCCTTC	215	11	226	95.13274336283186
TTCTAGGA	100	9	109	91.74311926605505
TTCTAGGC	127	7	134	94.77611940298507
TTCTAGGG	81	5	86	94.18604651162791
TTCCTTCT	180	5	185	97.2972972972973
TCTCCCGC	282	14	296	95.27027027027027
CTATTCCA	62	1	63	98.4126984126984
TCTCCCGA	288	18	306	94.11764705882352
GGCGATAG	122	0	122	100.0
GGCGATAC	97	15	112	86.60714285714286
TGTGTGAC	104	3	107	97.19626168224299
GGTTGTAC	100	3	103	97.0873786407767
CCGTGAAT	72	7	79	91.13924050632912
CCGCAGAG	277	1	278	99.64028776978418
ATGGACGA	279	9	288	96.875
ACCATGTG	291	19	310	93.87096774193549
AAATGCCA	84	6	90	93.33333333333333
GTAGTGGC	140	1	141	99.29078014184397
GGAAGTTC	116	2	118	98.30508474576271
GGAAGTTG	90	5	95	94.73684210526315
GAAGCACT	95	1	96	98.95833333333334
GTAGTGGT	148	4	152	97.36842105263158
TGGACGTT	142	10	152	93.42105263157895
TGGACGTA	275	9	284	96.83098591549296
AAAATGAA	22	2	24	91.66666666666666
TGAAGCTT	48	1	49	97.95918367346938
TTTAGCGA	221	2	223	99.10313901345292
GGATTTGT	140	5	145	96.55172413793103
CCTGATAA	131	9	140	93.57142857142857
GTGACCTT	140	6	146	95.8904109589041
GTGCTCTT	251	17	268	93.65671641791045
CTGCTCGT	279	14	293	95.22184300341297
GACCTTTC	114	2	116	98.27586206896551
GGACGATG	312	14	326	95.70552147239265
TCTCGTAT	226	73	299	75.58528428093646
ATGTAACA	134	9	143	93.7062937062937
GGACTGGG	190	4	194	97.9381443298969
TCTCGTAG	273	19	292	93.4931506849315
GGCTGTGC	377	23	400	94.25
GTAAGTCC	141	2	143	98.6013986013986
GGGGTCTA	185	7	192	96.35416666666666
TCTGGTAT	136	1	137	99.27007299270073
TGGGGTTG	227	8	235	96.59574468085106
CGATCATT	74	0	74	100.0
CGCAATTT	111	7	118	94.0677966101695
CCGAGTGC	106	10	116	91.37931034482759
AGGGACTA	101	5	106	95.28301886792453
AGGGTACT	82	3	85	96.47058823529412
CTGTACTT	39	1	40	97.5
TTGACTCT	63	3	66	95.45454545454545
TTGACTCA	221	2	223	99.10313901345292
TTGACTCC	181	1	182	99.45054945054946
GCATGTCA	332	8	340	97.6470588235294
GTTTCGGC	157	3	160	98.125
TCCGTATC	147	3	150	98.0
GGGGTTAT	82	2	84	97.61904761904762
CGCCGGAC	76	8	84	90.47619047619048
GGCTAGCC	117	2	119	98.31932773109243
GGAGGAGA	76	5	81	93.82716049382715
AGACTTTC	33	1	34	97.05882352941177
ACGTACCA	98	8	106	92.45283018867924
TGATTGTT	70	4	74	94.5945945945946
CCGTCGGA	135	3	138	97.82608695652173
GCCCGTGG	244	11	255	95.68627450980392
GCCCGTGC	254	5	259	98.06949806949807
TCAAAACG	84	10	94	89.36170212765957
CTCTCATG	125	3	128	97.65625
AAGCACAC	188	13	201	93.53233830845771
TAAATACC	29	0	29	100.0
GCGTTTCT	175	2	177	98.87005649717514
TAGCGCTA	139	8	147	94.5578231292517
GAGTTTTA	60	1	61	98.36065573770492
TGTATACG	292	5	297	98.31649831649831
GCGTTTCC	168	9	177	94.91525423728814
TAAATACT	21	0	21	100.0
TACGCAGG	258	22	280	92.14285714285714
TACGCAGA	129	74	203	63.54679802955665
GACCCGCG	467	19	486	96.09053497942386
AGTAAGGA	54	2	56	96.42857142857143
TGCCGAAG	134	0	134	100.0
CCACGCCG	251	3	254	98.81889763779527
AAAGTAGT	45	1	46	97.82608695652173
ACAACCTT	50	2	52	96.15384615384616
CCCTCACA	150	5	155	96.7741935483871
CGTACGAG	142	1	143	99.3006993006993
CGGCTAGG	283	16	299	94.64882943143813
AGAGAGGT	25	6	31	80.64516129032258
ATTAGTGA	66	2	68	97.05882352941177
TGTGGTCC	215	4	219	98.17351598173516
GCTAGACC	140	4	144	97.22222222222221
ACCACCGT	167	5	172	97.09302325581395
CCCGTAAA	153	4	157	97.45222929936305
ACACTGAG	229	15	244	93.85245901639344
TGACATTG	107	9	116	92.24137931034483
AATCAATG	46	1	47	97.87234042553192
AAACGGAA	50	6	56	89.28571428571429
TGGGTATG	146	12	158	92.40506329113924
TCGCTTCC	111	9	120	92.5
TTATTACC	47	7	54	87.03703703703704
GTAATTCT	36	2	38	94.73684210526315
TGGGTATT	97	11	108	89.81481481481481
AAACGGAT	63	0	63	100.0
GCCGCGGA	214	8	222	96.3963963963964
CGAGAGAT	43	4	47	91.48936170212765
CCACTGTA	111	4	115	96.52173913043478
CGAGAGAG	91	2	93	97.84946236559139
CGATCTAT	105	6	111	94.5945945945946
TTCTATCC	148	2	150	98.66666666666667
TCGAGCTC	168	12	180	93.33333333333333
TTGCAAGA	220	15	235	93.61702127659575
GGAGTACA	212	10	222	95.4954954954955
CGGCGTCA	408	14	422	96.6824644549763
GTAGGTGC	95	9	104	91.34615384615384
GCGAGACT	100	5	105	95.23809523809523
TTACGCGG	166	15	181	91.71270718232044
CTTATCAT	151	3	154	98.05194805194806
CTTATCAG	258	20	278	92.80575539568345
TTTATGAA	38	1	39	97.43589743589743
ATCGCGAA	108	6	114	94.73684210526315
CTTCATCT	63	2	65	96.92307692307692
CAAAACTG	38	0	38	100.0
ATAAGCAA	76	4	80	95.0
CCTCGACC	157	12	169	92.89940828402366
TTGTCAGA	125	4	129	96.89922480620154
GCCATGAA	144	0	144	100.0
TATGTAGC	107	6	113	94.69026548672566
AAGCCCGT	108	4	112	96.42857142857143
GCTCTTTT	101	5	106	95.28301886792453
GTGCTTCG	273	7	280	97.5
GGGACTCT	84	12	96	87.5
GGTCTGTT	180	2	182	98.9010989010989
AACCCATA	94	9	103	91.2621359223301
TTGGTTGC	313	25	338	92.60355029585799
AGTCTTGA	129	8	137	94.16058394160584
CTGGAGTA	195	32	227	85.90308370044053
GTGAATAT	45	4	49	91.83673469387756
CGTTAGAA	63	3	66	95.45454545454545
CGTTAGAC	51	5	56	91.07142857142857
AGCACAAG	156	18	174	89.65517241379311
AGGATTCC	59	3	62	95.16129032258065
CACCTGAT	53	4	57	92.98245614035088
AGGATTCG	164	5	169	97.0414201183432
CGTCGTGG	289	24	313	92.33226837060703
AAATGGAC	52	1	53	98.11320754716981
CGTCGTGA	290	9	299	96.98996655518395
TCTACCGG	158	13	171	92.39766081871345
TATAAACG	48	1	49	97.95918367346938
TCTTTGTT	64	3	67	95.52238805970148
CAAGCGCT	24	5	29	82.75862068965517
TGTTGTTA	119	2	121	98.34710743801654
CAAGCGCC	60	0	60	100.0
CAGCTAAG	79	0	79	100.0
CAGCTAAT	47	4	51	92.15686274509804
CAGGATCT	49	5	54	90.74074074074075
ATAGGTTT	46	5	51	90.19607843137256
CAGGATCA	76	4	80	95.0
ACTGGACA	99	5	104	95.1923076923077
GTGAGTGT	218	5	223	97.75784753363229
GTGAGGAG	162	6	168	96.42857142857143
GTGAGTGG	203	25	228	89.03508771929825
GGGAAGGC	76	13	89	85.39325842696628
GTAAAAAA	14	2	16	87.5
GCGCGGGC	281	32	313	89.77635782747603
ACTCTCTC	111	5	116	95.6896551724138
GACGATCT	153	7	160	95.625
GTACTGGA	218	17	235	92.76595744680851
CGTTCGTA	255	24	279	91.39784946236558
TGGGGAGG	213	4	217	98.15668202764977
CCCATTTG	197	11	208	94.71153846153845
GGGGGCTA	253	22	275	92.0
TTAGGCTG	251	12	263	95.43726235741445
TCTGAATA	88	11	99	88.88888888888889
TGTTCGTG	587	32	619	94.83037156704361
ACAACTTA	130	10	140	92.85714285714286
AGATCTGT	142	11	153	92.81045751633987
AGATCTGC	153	10	163	93.86503067484662
GTACTTAG	174	6	180	96.66666666666667
TGAAATTG	117	2	119	98.31932773109243
GCGTTAGG	287	2	289	99.30795847750865
ATCCGCCC	130	4	134	97.01492537313433
ATTAGGGC	67	4	71	94.36619718309859
GCGGCAAT	206	6	212	97.16981132075472
TGGACCAA	117	9	126	92.85714285714286
AGCCTCGT	311	0	311	100.0
ATGTGGGG	293	8	301	97.34219269102991
TCCAGGCG	298	2	300	99.33333333333333
AGCCGGTA	241	14	255	94.50980392156862
CCCGAAGA	128	6	134	95.52238805970148
CAGAGAGG	38	2	40	95.0
CGGTCTCG	230	3	233	98.71244635193133
AAGCCGAG	190	2	192	98.95833333333334
AGAGGATA	57	4	61	93.44262295081968
GCTCTACA	239	14	253	94.46640316205533
CCGAAAGT	78	4	82	95.1219512195122
ACGACTGT	194	8	202	96.03960396039604
CCGAAAGG	106	6	112	94.64285714285714
GTTAGTTT	95	4	99	95.95959595959596
CCACAGCG	260	10	270	96.29629629629629
TGTCAGGG	171	1	172	99.4186046511628
GTTCGCAC	251	9	260	96.53846153846153
TAACAAAA	49	6	55	89.0909090909091
GCCCAATT	149	5	154	96.75324675324676
CTGTTAGC	229	9	238	96.21848739495799
ACCGCTTC	83	4	87	95.40229885057471
TCTCCCCC	43	11	54	79.62962962962963
TTTGTGCT	62	2	64	96.875
AGTATAGG	32	5	37	86.48648648648648
TCGTACAC	145	2	147	98.63945578231292
GCCCCTAA	128	2	130	98.46153846153847
GGCGAGCA	212	10	222	95.4954954954955
GCAACGTG	237	10	247	95.95141700404858
CTATTCGT	106	5	111	95.4954954954955
GGTTGGCG	145	6	151	96.02649006622516
GCAACGTT	106	3	109	97.24770642201835
ACCGACCG	136	7	143	95.1048951048951
TCCCACCT	101	3	104	97.11538461538461
ACCGACCC	126	5	131	96.18320610687023
CGAGACCC	138	3	141	97.87234042553192
GCCTGGTC	355	18	373	95.17426273458445
CGAGACCT	118	5	123	95.9349593495935
TGTGCAAC	165	8	173	95.37572254335261
CTAACTTT	36	1	37	97.2972972972973
CTAACTTC	26	1	27	96.29629629629629
GTCTAAGC	124	8	132	93.93939393939394
TGGAGGGA	150	16	166	90.36144578313254
TGCGTTAC	220	8	228	96.49122807017544
TCTTAGTC	140	11	151	92.71523178807946
GTCTTCAA	76	0	76	100.0
GCTGGTTG	118	4	122	96.72131147540983
GGAGATGA	62	4	66	93.93939393939394
TCTCGACT	68	5	73	93.15068493150685
CTGACGGC	53	5	58	91.37931034482759
CTGACGGA	174	0	174	100.0
GGAGATGT	39	0	39	100.0
GCAATGCC	173	1	174	99.42528735632183
CCTAAAGT	83	0	83	100.0
TGAATGGA	199	7	206	96.60194174757282
TGAATGGG	298	3	301	99.00332225913621
GTGAATGG	263	17	280	93.92857142857143
CCGAGTCC	127	0	127	100.0
ATCTTATA	89	1	90	98.88888888888889
TCTGGCGG	276	11	287	96.16724738675958
CATACTCT	95	1	96	98.95833333333334
CGGTACCC	182	19	201	90.54726368159204
GGGCTGGT	208	22	230	90.43478260869566
GGGCTGGA	202	12	214	94.39252336448598
GGAGGACC	81	3	84	96.42857142857143
GGAGGACA	140	6	146	95.8904109589041
GTGCTAGT	322	7	329	97.87234042553192
CAGCATTT	82	0	82	100.0
TAAAGCGA	68	1	69	98.55072463768117
GATCTGAA	82	3	85	96.47058823529412
AAGACCGG	72	4	76	94.73684210526315
ATCGTTCT	221	8	229	96.50655021834062
GTTGGACT	188	7	195	96.41025641025641
TCTTACGC	213	4	217	98.15668202764977
TGGCGTCT	235	1	236	99.57627118644068
TTGCTCAC	311	12	323	96.28482972136223
CCATAACT	103	4	107	96.26168224299066
GATCGAAG	263	5	268	98.13432835820896
TCGTCTAA	156	10	166	93.97590361445783
TAGCGCCG	191	2	193	98.96373056994818
CAGCGGGG	136	4	140	97.14285714285714
GATACGCA	206	6	212	97.16981132075472
GGGAAGCA	90	1	91	98.9010989010989
TCATGTTT	170	12	182	93.4065934065934
CGTGAGGG	163	8	171	95.32163742690058
AAGCCAGC	207	5	212	97.64150943396226
TAGTAACA	166	16	182	91.20879120879121
TTCGCTCA	354	11	365	96.98630136986301
TAGGAGCA	230	2	232	99.13793103448276
CGTTGTTC	101	4	105	96.19047619047619
CACCTCTT	78	1	79	98.73417721518987
TGCAGCAT	199	5	204	97.54901960784314
GGCTATTC	101	11	112	90.17857142857143
CGATGACC	68	9	77	88.31168831168831
GGAGTTCC	94	3	97	96.90721649484536
CGGAATCC	37	1	38	97.36842105263158
GAGATGGT	226	3	229	98.68995633187772
CCTCGTCA	580	9	589	98.47198641765704
TGCAAGAG	53	1	54	98.14814814814815
CTTATTAC	49	4	53	92.45283018867924
CTTATTAG	53	4	57	92.98245614035088
TTTTGGGA	118	2	120	98.33333333333333
CTAGTTTT	74	6	80	92.5
GTTGTCGA	157	16	173	90.7514450867052
CGTCTACG	354	16	370	95.67567567567568
GAACTTAT	33	2	35	94.28571428571428
GTCCCGAC	79	3	82	96.34146341463415
AGAAACAT	36	1	37	97.2972972972973
GGCGAGTT	223	13	236	94.49152542372882
CCATGAGG	123	3	126	97.61904761904762
CCGCATCA	355	12	367	96.73024523160763
ATCCGAGT	82	5	87	94.25287356321839
AAGGTATG	119	3	122	97.54098360655738
CAGTTGGG	180	3	183	98.36065573770492
TGTCTCTG	190	13	203	93.59605911330048
GCAACACC	81	2	83	97.59036144578313
TCGCCCGT	310	15	325	95.38461538461539
AATACGAT	32	4	36	88.88888888888889
GCTGTCGG	434	28	462	93.93939393939394
AGCCTATG	263	15	278	94.60431654676259
AACGTACG	142	3	145	97.93103448275862
TTATTTCG	102	7	109	93.57798165137615
GTACGCGG	195	10	205	95.1219512195122
CCGTAAAT	52	1	53	98.11320754716981
ATTTAACG	119	1	120	99.16666666666667
ATAACACA	38	3	41	92.6829268292683
TGGTTCCT	309	7	316	97.78481012658227
GTGGCACG	242	10	252	96.03174603174604
TTCCGTGG	481	9	490	98.16326530612245
TCCATTAG	142	21	163	87.11656441717791
GAGTGCGG	223	22	245	91.02040816326532
ATAGACTC	62	4	66	93.93939393939394
CTTCACAT	109	10	119	91.59663865546219
AAGGGTAC	56	1	57	98.24561403508771
ATATGCGG	234	17	251	93.22709163346613
CATTGAAA	87	2	89	97.75280898876404
CTATTGAC	51	9	60	85.0
TTACTCTG	221	15	236	93.64406779661016
TCATTCCG	243	21	264	92.04545454545455
AAAGTATT	23	0	23	100.0
GACGTGCC	251	14	265	94.71698113207547
AAGGAGAC	44	0	44	100.0
TCGCATCC	341	9	350	97.42857142857143
CGGGCAAT	171	2	173	98.84393063583815
TTTGACCC	55	3	58	94.82758620689656
ACCATGGT	96	7	103	93.20388349514563
TCCAACAT	142	2	144	98.61111111111111
CCTCAGGC	147	8	155	94.83870967741936
ATGCATCG	323	12	335	96.41791044776119
ACCCCCTC	104	10	114	91.22807017543859
ACCCCCTG	177	18	195	90.76923076923077
TTAGACCG	101	7	108	93.51851851851852
TGCGCGCA	239	8	247	96.76113360323887
AGATCGGA	225	12	237	94.9367088607595
TATAAGGA	37	1	38	97.36842105263158
GAAGTAGC	49	4	53	92.45283018867924
TTCAAATG	65	9	74	87.83783783783784
TGCTTAAA	56	3	59	94.91525423728814
CAGTGTTA	179	18	197	90.86294416243655
GCTCAATT	115	3	118	97.45762711864407
ACTCACCA	114	8	122	93.44262295081968
GCATCCTA	264	9	273	96.7032967032967
AACTCTCT	75	3	78	96.15384615384616
ATATCGAG	186	2	188	98.93617021276596
TCGCCCCC	238	4	242	98.34710743801654
ATGCCTCT	283	2	285	99.29824561403508
CATGAGCG	160	13	173	92.48554913294798
GTCTGTAC	96	4	100	96.0
TCACATTC	209	8	217	96.31336405529954
GGGGAAGT	73	4	77	94.8051948051948
GCAACGGG	355	2	357	99.43977591036415
CTCAGACA	125	7	132	94.6969696969697
CATCATGC	184	30	214	85.98130841121495
ACTTGTAT	61	2	63	96.82539682539682
AGGGACCA	161	3	164	98.17073170731707
AAGCAGCT	97	2	99	97.97979797979798
GTTGACTC	240	24	264	90.9090909090909
AAACTAAA	66	0	66	100.0
CCTCATAC	88	6	94	93.61702127659575
CCATAATA	128	4	132	96.96969696969697
